url,name,price
https://www.watsons.com.tr/bomb-cosmetics-wild-rose-blaster-banyo-topu-160-g/p/BP_1328215,Bomb Cosmetics Wild Rose Blaster Banyo Topu 160 g,"419,90 ₺"
https://www.watsons.com.tr/revolution-bright-light-aydinlatici-radiance/p/BP_1314824,Revolution Bright Light Aydınlatıcı Radiance,"649,90 ₺"
https://www.watsons.com.tr/volenia-kupe-gumus-renkli-halka/p/BP_1452416,Volenia Küpe Gümüş Renkli Halka,"99,00 ₺"
https://www.watsons.com.tr/dalin-bebek-sampuani-kolay-tarama-badem-ozlu-200-ml/p/BP_1262016,Dalin Bebek Şampuanı Kolay Tarama Badem Özlü 200 ml,"128,90 ₺"
https://www.watsons.com.tr/palette-deluxe-sac-boyasi-3-65-cikolata-kahve/p/BP_135369,Palette Deluxe Saç Boyası 3-65 Çikolata Kahve,"449,90 ₺"
https://www.watsons.com.tr/golden-rose-silky-touch-compact-powder-no-06/p/BP_126760,Golden Rose Silky Touch Compact Powder No: 06,"79,95 ₺"
https://www.watsons.com.tr/golden-rose-plumping-gloss-211/p/BP_1402975,Golden Rose Plumping Gloss 211,"149,00 ₺"
https://www.watsons.com.tr/sinoz-glikoik-asit-isilti-etkili-tonik-200-ml/p/BP_1336580,Sinoz Glikoik Asit Işıltı Etkili Tonik 200 ml,"699,90 ₺"
https://www.watsons.com.tr/urban-care-kuru-sampuan-lychee-breeze-200-ml/p/BP_1418123,Urban Care Kuru Şampuan Lychee Breeze 200 ml,"539,90 ₺"
https://www.watsons.com.tr/maybelline-new-york-super-stay-lumi-matte-fondoten-no-96/p/BP_1425116,Maybelline New York Super Stay Lumi Matte Fondöten No: 96,"1.649,90 ₺"
https://www.watsons.com.tr/rimmel-london-omg-dudak-balmi-004-red-velvet/p/BP_1447173,Rimmel London Omg Dudak Balmı 004 Red Velvet,"1.064,90 ₺"
https://www.watsons.com.tr/essence-8h-matte-comfort-dudak-kalemi-no-07/p/BP_1340829,Essence 8H Matte Comfort Dudak Kalemi No: 07,"105,90 ₺"
https://www.watsons.com.tr/biomagic-sac-boyasi-yogun-kullu-kumral-no-711/p/BP_166698,Biomagic Saç Boyası Yoğun Küllü Kumral No: 7.11,"699,90 ₺"
https://www.watsons.com.tr/palmolive-skin-radiance-avokado-bal-450-ml/p/BP_1410234,Palmolive Skin Radiance Avokado&amp;Bal 450 ml,"342,90 ₺"
https://www.watsons.com.tr/duaderm-yuz-detoks-krem-50-ml/p/BP_1411207,Duaderm Yüz Detoks Krem 50 ml,"1.645,90 ₺"
https://www.watsons.com.tr/slipstop-buzz-kaydirmaz-ayakkabi-kiz-cocuk-33-35/p/BP_1439613,Slipstop Buzz Kaydırmaz Ayakkabı Kız Çocuk 33-35,"149,00 ₺"
https://www.watsons.com.tr/deborah-red-touch-ruj-no-03-pink/p/BP_1319199,N/A,N/A
https://www.watsons.com.tr/volenia-bileklik-altin-renkli-ve-gumus-renkli-yuvarlak-2li-su-yolu/p/BP_1452654,Volenia Bileklik Altın Renkli Ve Gümüş Renkli Yuvarlak 2'li Su Yolu,"199,00 ₺"
https://www.watsons.com.tr/wella-koleston-naturals-sac-boyasi-4-6-kizil-viyole/p/BP_1444667,N/A,"29,95 ₺"
https://www.watsons.com.tr/loreal-paris-bronze-to-paradise-bronzlastirici-pudra-mat/p/BP_1291122,N/A,N/A
https://www.watsons.com.tr/duaderm-serum-hyaluronic-acid-30-ml/p/BP_1393182,N/A,N/A
https://www.watsons.com.tr/natracare-organik-ped-gunluk-ultra-ince-22-adet/p/BP_147937,N/A,N/A
https://www.watsons.com.tr/signal-white-now-sensitive-aninda-beyazlatici-leke-karsiti-75-ml/p/BP_1316427,Signal White Now Sensitive Anında Beyazlatıcı Leke KarşıtI 75 ml,"79,95 ₺"
https://www.watsons.com.tr/kotex-ultra-quadro-gece-16-adet-/p/BP_119561,Kotex Ultra Quadro Gece 16&nbsp;adet&nbsp;&nbsp;&nbsp;&nbsp;,"307,90 ₺"
https://www.watsons.com.tr/sinoz-gunluk-kullanim-fluid-gunes-kremi-spf50-50-ml/p/BP_1392447,Sinoz Günlük Kullanım Fluid Güneş Kremi Spf50+ 50 ml,"899,90 ₺"
https://www.watsons.com.tr/lionesse-cocuk-sac-fircasi-tavsan/p/BP_1423289,Lionesse Çocuk Saç Fırçası&nbsp;Tavşan,"39,95 ₺"
https://www.watsons.com.tr/deborah-like-a-pro-tint-volume-extensions-maskara/p/BP_1404298,Deborah Like A Pro Tint Volume Extensions Maskara,"849,90 ₺"
https://www.watsons.com.tr/flormar-pearly-yari-transparan-parlak-bitisli-sedefli-oje-no-201-luxury-white/p/BP_1478652,Flormar Pearly Yarı Transparan &amp; Parlak Bitişli Sedefli Oje No: 201 Luxury White,"149,90 ₺"
https://www.watsons.com.tr/essence-likit-waterproof-eyeliner/p/BP_162785,Essence Likit Waterproof Eyeliner,"204,90 ₺"
https://www.watsons.com.tr/volenia-bileklik-recine/p/BP_1481137,Volenia Bileklik Reçine,"449,00 ₺"
https://www.watsons.com.tr/celenes-yuz-yikama-jeli-yagli-ve-karma-ciltler-250-ml/p/BP_1253742,Celenes Yüz Yıkama Jeli Yağlı ve Karma Ciltler 250 ml,"699,90 ₺"
https://www.watsons.com.tr/kotex-ultra-quadro-uzun-18-adet/p/BP_119560,Kotex Ultra Quadro Uzun 18 adet,"307,90 ₺"
https://www.watsons.com.tr/ulric-de-varens-sweet-musk-vanille-kadin-body-fragrance-deodorant-150-ml/p/BP_1459878,Ulric de Varens Sweet Musk Vanille Kadın Body Fragrance Deodorant 150 ml,"489,90 ₺"
https://www.watsons.com.tr/hc-care-yogun-vitamin-destekli-sac-kremi-340-ml/p/BP_1404851,HC Care Yoğun Vitamin Destekli Saç Kremi 340 ml,"439,90 ₺"
https://www.watsons.com.tr/wella-koleston-kit-sac-boyasi-kor-ates-kizili-77-44/p/BP_123674,Wella Koleston Kit Saç Boyası Kor Ateş Kızılı 77/44,"549,90 ₺"
https://www.watsons.com.tr/superdrug-finishing-touches-takma-tirnak-french-ombre-24lu/p/BP_1435441,Superdrug Finishing Touches Takma Tırnak French Ombre 24'lü,"349,90 ₺"
https://www.watsons.com.tr/martinelia-world-blisters-ruj-kiraz/p/BP_1441559,N/A,N/A
https://www.watsons.com.tr/nivea-derma-skin-clear-sivilce-karsiti-tonik-200-ml/p/BP_1342278,Nivea Derma Skin Clear Sivilce Karşıtı Tonik 200 ml,"439,90 ₺"
https://www.watsons.com.tr/fa-pink-passion-kadin-roll-on-50-ml/p/BP_114536,N/A,N/A
https://www.watsons.com.tr/mul-adore-kadin-edp-50-ml/p/BP_1326801,Mul Adore Kadın EDP 50 ml,"199,00 ₺"
https://www.watsons.com.tr/solante-pigmenta-gunes-losyonu-spf50-150-ml/p/BP_1366911,N/A,N/A
https://www.watsons.com.tr/slipstop-belle-tisort-kiz-bebek-12-18-ay/p/BP_1438990,Slipstop Belle Tişört Kız Bebek 12-18 Ay,"149,00 ₺"
https://www.watsons.com.tr/mjeunesse-animal-yuz-maskesi-panda/p/BP_1366351,M.Jeunesse Animal Yüz Maskesi Panda,"274,90 ₺"
https://www.watsons.com.tr/dfeys-nemlendirici-yaslanma-karsiti-gunduz-gece-bakim-yuz-kremi-50-ml/p/BP_1453564,D'Feys Nemlendirici &amp; Yaşlanma Karşıtı Gündüz - Gece Bakım Yüz Kremi 50 ml,"831,90 ₺"
https://www.watsons.com.tr/slipstop-gru-kaydirmaz-ayakkabi-erkek-cocuk-21-23/p/BP_1439998,Slipstop Gru Kaydırmaz Ayakkabı Erkek Çocuk 21-23,"149,00 ₺"
https://www.watsons.com.tr/maybelline-new-york-fit-me-nude-cilt-bakimi-etkili-nemlendirici-spf50-bb-krem-40/p/BP_1437100,Maybelline New York Fit Me Nude Cilt Bakımı Etkili Nemlendirici SPF50 BB Krem 40,"649,90 ₺"
https://www.watsons.com.tr/dalan-botanica-dus-jeli-lotus-500-ml/p/BP_1292949,Dalan Botanica Duş Jeli Lotus 500 ml,"144,90 ₺"
https://www.watsons.com.tr/emotion-deodorant-spray-kadin-aqua-kiss-200-ml/p/BP_1386112,Emotion Deodorant Spray Kadın Aqua Kiss 200 ml,"265,90 ₺"
https://www.watsons.com.tr/wella-koleston-single-tup-boya-6-7-cikolata-kahve/p/BP_120496,Wella Koleston Single Tüp Boya 6/7 Çikolata Kahve,"129,90 ₺"
https://www.watsons.com.tr/golden-rose-city-color-oje-no-101/p/BP_167590,Golden Rose City Color Oje No: 101,"89,95 ₺"
https://www.watsons.com.tr/watsons-fresh-ultra-ince-lavanta-gunluk-ped-10lu/p/BP_1419593,Watsons Fresh+ Ultra İnce Lavanta Günlük Ped 10'lu,"54,95 ₺"
https://www.watsons.com.tr/max-factor-miracle-pure-fondoten-golden-75/p/BP_1333192,Max Factor Miracle Pure Fondöten Golden 75,"149,00 ₺"
https://www.watsons.com.tr/taft-ultimate-sprey-250-ml/p/BP_146456,Taft Ultimate Sprey 250 ml,"417,90 ₺"
https://www.watsons.com.tr/bepanthol-3lu-set-derma-onarici-merhem-30-g-cilt-bakikm-kremi-30-g-dudak-bakim-kremi-7-5-g/p/BP_1454453,"Bepanthol 3'lü Set Derma Onarıcı Merhem 30 g + Cilt Bakıkm Kremi 30 g + Dudak Bakım Kremi 7,5 g","639,90 ₺"
https://www.watsons.com.tr/lionesse-cimbiz/p/BP_1383704,Lionesse Cımbız,"84,95 ₺"
https://www.watsons.com.tr/lovely-aydinlatici-gold/p/BP_1254862,Lovely Aydınlatıcı Gold,"359,90 ₺"
https://www.watsons.com.tr/true-spirit-semsiye-yari-otomatik-renkli-ucgenler/p/BP_1418242,True Spirit Şemsiye Yarı Otomatik Renkli Üçgenler,"329,90 ₺"
https://www.watsons.com.tr/pastel-daylong-likit-ruj-28/p/BP_1432032,Pastel Daylong Likit Ruj 28,"799,90 ₺"
https://www.watsons.com.tr/deborah-hi-tech-blush-allik-no-52/p/BP_126308,N/A,N/A
https://www.watsons.com.tr/golden-rose-city-color-oje-no-116/p/BP_1368535,N/A,N/A
https://www.watsons.com.tr/note-flawless-lipgloss-no-01/p/BP_1327942,N/A,N/A
https://www.watsons.com.tr/target-pro-by-watsons-vitamin-c-15-serum-konsantre-30-ml/p/BP_1423415,Target Pro By Watsons Vitamin C 15% Serum Konsantre 30 ml,"1.799,90 ₺"
https://www.watsons.com.tr/flormar-quick-dry-drops-oje-kurutucu-ve-hizli-sabitleyici-damla/p/BP_1333871,N/A,N/A
https://www.watsons.com.tr/ashley-joy-bukle-belirginlestirici-kivircik-ve-dalgali-saclara-ozel-bakim-kremi-250-ml/p/BP_1457057,Ashley Joy Bukle Belirginleştirici Kıvırcık ve Dalgalı Saçlara Özel Bakım Kremi 250 ml,"589,90 ₺"
https://www.watsons.com.tr/lovely-blossom-likit-allik-no-2/p/BP_1425718,Lovely Blossom Likit Allık No: 2,"447,90 ₺"
https://www.watsons.com.tr/auran-ucucu-koku-yagi-amber-10-ml/p/BP_1445381,Auran Uçucu Koku Yağı Amber 10 ml,"169,90 ₺"
https://www.watsons.com.tr/tampax-pearl-compak-tampon-regular-normal-16li/p/BP_1436008,Tampax Pearl Compak Tampon Regular/Normal 16'lı,"296,90 ₺"
https://www.watsons.com.tr/siveno-100-dogal-yaslanma-karsiti-yuz-kremi-30-ml/p/BP_1444226,Siveno %100 Doğal Yaşlanma Karşıtı Yüz Kremi 30 ml,"799,90 ₺"
https://www.watsons.com.tr/nivea-sun-spf-50-koruma-48-saat-nemlendirme-gunes-kremi-200-ml-sprey/p/BP_115625,Nivea Sun SPF 50+ Koruma &amp; 48 Saat Nemlendirme Güneş Kremi 200 ml Sprey,"1.879,90 ₺"
https://www.watsons.com.tr/nascita-blue-dreams-mini-sunger-seti-2li/p/BP_1381359,Nascita Blue Dreams Mini Sünger Seti 2'li,"144,90 ₺"
https://www.watsons.com.tr/dicora-urban-fit-urban-fit-dus-jeli-enerji-vetiver-ginseng-400-ml/p/BP_160348,Dicora Urban Fit Urban Fit Duş Jeli Enerji Vetiver &amp; Ginseng 400 ml,"274,90 ₺"
https://www.watsons.com.tr/bomb-cosmetics-pool-party-sabun-100-g/p/BP_1384047,Bomb Cosmetics Pool Party Sabun Dilimi 100 g,"149,00 ₺"
https://www.watsons.com.tr/essence-glossy-jelly-mini-oje-03/p/BP_1446711,Essence Glossy Jelly Mini Oje 03,"61,95 ₺"
https://www.watsons.com.tr/2wins-beauty-legendary-blush-stick-cherry-pop/p/BP_1464085,2Wins Beauty Legendary Blush Stick Cherry Pop,"1.589,90 ₺"
https://www.watsons.com.tr/revolution-skin-silk-serum-fondoten-f2/p/BP_1390011,Revolution Skin Silk Serum Fondöten F2,"1.939,90 ₺"
https://www.watsons.com.tr/golden-rose-flash-lash-maskara-coral-rose-no-06/p/BP_1397326,Golden Rose Flash Lash Maskara Coral Rose No: 06,"619,90 ₺"
https://www.watsons.com.tr/miine-cherry-pop-volkanik-tas/p/BP_1453767,Miine Cherry Pop Volkanik Taş,"119,90 ₺"
https://www.watsons.com.tr/pastel-nude-matte-lipstick-nude-mat-ruj-589-warm-nude/p/BP_154790,Pastel Nude Matte  Lipstick Nude Mat Ruj 589 Warm Nude,"699,90 ₺"
https://www.watsons.com.tr/maybelline-new-york-serum-etkili-hyaluronik-asit-ve-besleyici-yag-iceren-ruj-satin-outtil-4-102/p/BP_1480339,Maybelline New York Serum Etkili Hyaluronik Asit ve Besleyici Yağ İçeren Ruj Satin Out'Til 4 102,"1.049,90 ₺"
https://www.watsons.com.tr/maybelline-new-york-instant-perfector-glow-4-etki-1-arada-fondoten-00-fair-light/p/BP_1345897,Maybelline New York Instant Perfector Glow 4 Etki 1 Arada Fondöten 00 Fair Light,"399,00 ₺"
https://www.watsons.com.tr/flormar-matte-yogun-pigmentli-mat-oje-no-m40/p/BP_1236844,Flormar Matte Yoğun Pigmentli Mat Oje No: M40,"29,95 ₺"
https://www.watsons.com.tr/nyx-professional-makeup-lift-and-snatch-kas-kalemi-pen-black/p/BP_1275148,Nyx Professional Makeup Lift and Snatch Kaş Kalemi Pen Black,"1.049,90 ₺"
https://www.watsons.com.tr/restorex-sac-bakim-yagi-7-besleyici-80-ml/p/BP_1402394,Restorex Saç Bakım Yağı 7 Besleyici 80 ml,"419,90 ₺"
https://www.watsons.com.tr/himalaya-nane-tazeligi-dis-macunu-75-ml/p/BP_1340234,Himalaya Nane Tazeliği Diş Macunu 75 ml,"59,95 ₺"
https://www.watsons.com.tr/ogx-sampuan-rosemary-mint-385-ml/p/BP_1447376,OGX Şampuan Rosemary Mint 385 ml,"749,90 ₺"
https://www.watsons.com.tr/revolution-satin-kiss-dudak-kalemi-icon/p/BP_174119,Revolution Satin Kiss Dudak Kalemi Icon,"499,90 ₺"
https://www.watsons.com.tr/medicube-pdrn-pink-kolajen-gel-maske-1-adet/p/BP_1458772,Medicube PDRN Pink Kolajen Gel Maske 1 Adet,"779,90 ₺"
https://www.watsons.com.tr/pastel-oje-no-88/p/BP_116848,Pastel Oje No: 88,"119,90 ₺"
https://www.watsons.com.tr/slipstop-belle-tisort-kiz-bebek-18-24-ay/p/BP_1438997,N/A,N/A
https://www.watsons.com.tr/mov-tirnak-oje-matlastirici-jel/p/BP_1450001,Mov Tırnak Oje Matlaştırıcı Jel,"59,95 ₺"
https://www.watsons.com.tr/the-ceel-vitamin-c-serum-30-ml/p/BP_1422372,The Ceel Vitamin C Serum 30 ml,"612,90 ₺"
https://www.watsons.com.tr/golden-rose-mat-ruj-crayon-no-14/p/BP_152330,Golden Rose Mat Ruj Crayon No: 14,"364,90 ₺"
https://www.watsons.com.tr/arko-krem-yagli-20-cc/p/BP_129890,Arko Krem Yağlı 20 cc,"59,95 ₺"
https://www.watsons.com.tr/aqua-di-polo-1987-kadin-siyah-big-cat-eye-gunes-gozluk-apgt1-g4580-ksk33/p/BP_1381933,Aqua Di Polo 1987 Kadın Siyah Bıg Cat Eye Güneş Gözlük APGT1-G4580-KSK33,"399,90 ₺"
https://www.watsons.com.tr/naturals-by-watsons-sac-bakim-yagi-argan-100-ml/p/BP_1274343,N/A,N/A
https://www.watsons.com.tr/old-spice-epic-legend-stick-50-ml/p/BP_1435616,Old Spice Epic Legend Stick 50 ml,"346,90 ₺"
https://www.watsons.com.tr/sesu-hassas-vucut-agda-bandi-12-adet/p/BP_1459185,Sesu Hassas Vücut Ağda Bandı 12 Adet,"187,90 ₺"
https://www.watsons.com.tr/ashley-joy-durulanmayan-sac-bakim-kremi-150-ml/p/BP_1247120,Ashley Joy Durulanmayan Saç Bakım Kremi 150 ml,"649,90 ₺"
https://www.watsons.com.tr/max-factor-miracle-pure-fondoten-warm-almond-45/p/BP_1343755,Max Factor Miracle Pure Fondöten Warm Almond 45,"814,90 ₺"
https://www.watsons.com.tr/nivea-men-erkek-hassas-ciltler-icin-koruyucu-tiras-kopugu-200-ml/p/BP_119509,NIVEA MEN Erkek Hassas Ciltler için Koruyucu Tıraş Köpüğü 200 ml,"349,90 ₺"
https://www.watsons.com.tr/nyx-professional-makeup-soft-matte-smushy-dudak-balmi-squeeze-n-sizzle-11/p/BP_1430303,Nyx Professional Makeup Soft Matte Smushy Dudak Balmı Squeeze N' Sizzle 11,"699,90 ₺"
https://www.watsons.com.tr/nascita-ultrasonic-yuz-temizleme-cihazi/p/BP_1390830,Nascita Ultrasonic Yüz Temizleme Cihazı,"1.849,90 ₺"
https://www.watsons.com.tr/elseve-hydra-hyaluronic-72-saat-nem-ile-dolgunlastiran-maske-300-ml/p/BP_1328817,Elseve Hydra [Hyaluronic] 72 Saat Nem ile Dolgunlaştıran Maske 300 ml,"599,90 ₺"
https://www.watsons.com.tr/revolution-forever-flawless-far-paleti-allure/p/BP_172262,Revolution Forever Flawless Far Paleti Allure,"1.499,90 ₺"
https://www.watsons.com.tr/blade-man-edt-erkek-marine-fresh-70-ml/p/BP_1380785,N/A,N/A
https://www.watsons.com.tr/revox-sampuan-amino-asit-400-ml/p/BP_1476972,Revox Şampuan Amino Asit 400 ml,"529,90 ₺"
https://www.watsons.com.tr/golden-rose-dream-dudak-kalemi-no-537/p/BP_1433656,Golden Rose Dream Dudak Kalemi No: 537,"179,90 ₺"
https://www.watsons.com.tr/nascita-takma-tirnak-luxe-edition-s275/p/BP_1455846,Nascita Takma Tırnak Luxe Edition S275,"419,90 ₺"
https://www.watsons.com.tr/vita-ceel-sleep-gummy-60li/p/BP_1432242,Vita Ceel Sleep Gummy 60’lı,"689,90 ₺"
https://www.watsons.com.tr/watsons-fruity-sivilce-karsiti-cayagac-maske-30-ml/p/BP_1446025,Watsons Fruity Sivilce Karşıtı Çayağaç Maske 30 ml,"149,90 ₺"
https://www.watsons.com.tr/watsons-erkekler-icin-tuy-dokucu-sprey-150-ml/p/BP_170919,Watsons Erkekler İçin Tüy Dökücü Sprey 150 ml,"269,90 ₺"
https://www.watsons.com.tr/essence-maximum-definition-volume-maskara/p/BP_162833,Essence Maximum Definition Volume Maskara,"59,95 ₺"
https://www.watsons.com.tr/revolution-beauty-mystic-muse-shimmer-makyaj-seti/p/BP_1460214,Revolution Beauty Mystic Muse Shimmer Makyaj Seti,"3.990,90 ₺"
https://www.watsons.com.tr/banobagi-vita-cocktail-altin-maske-age-1-adet/p/BP_1458723,Banobagi Vita Cocktail Altın Maske Age 1 Adet,"279,90 ₺"
https://www.watsons.com.tr/maybelline-lash-sensitive-sky-high-plum-twilight-maskara/p/BP_1476811,Maybelline Lash Sensitive Sky High Plum Twilight Maskara,"1.449,90 ₺"
https://www.watsons.com.tr/lovely-extra-lasting-dudak-parlaticisi-no-5/p/BP_1255065,Lovely Extra Lasting Dudak Parlatıcısı No: 5,"414,90 ₺"
https://www.watsons.com.tr/rimmel-london-exaggerate-eyeliner-no-001-siyah/p/BP_1307698,Rimmel London Exaggerate Eyeliner No: 001 Siyah,"504,90 ₺"
https://www.watsons.com.tr/gillette-fusion-tiras-jeli-seyahat-boy-75-ml/p/BP_1380617,Gillette Fusion Tıraş Jeli Seyahat Boy 75 ml,"39,95 ₺"
https://www.watsons.com.tr/flormar-nail-enamel-yogun-pigmentli-parlak-oje-no-452-marine-lover/p/BP_141889,Flormar Nail Enamel Yoğun Pigmentli Parlak Oje No: 452 Marine Lover,"99,95 ₺"
https://www.watsons.com.tr/max-factor-miracle-pure-kapatici-no-4/p/BP_1333178,Max Factor Miracle Pure Kapatıcı No: 4,"499,90 ₺"
https://www.watsons.com.tr/fa-mystic-moments-kadin-deodorant-150-ml/p/BP_130076,Fa Mystic Moments Kadın Deodorant 150 ml,"59,95 ₺"
https://www.watsons.com.tr/golden-rose-so-glow-aydinlatici-far-paleti-no-102/p/BP_1381093,Golden Rose So Glow Aydınlatıcı Far Paleti No: 102,"859,90 ₺"
https://www.watsons.com.tr/tresan-the-earth-sac-kremi-collagen-biotin-500-ml/p/BP_1430534,N/A,N/A
https://www.watsons.com.tr/nivea-derma-control-defend-hyaluronik-asit-pro-vitamin-b5-erkek-roll-on-50-ml/p/BP_1459073,"Nivea Derma Control Defend Hyaluronik Asit, Pro-Vitamin B5 Erkek Roll On 50 ml","409,90 ₺"
https://www.watsons.com.tr/wella-professionals-fusion-yogun-onarici-sac-maskesi-150-ml/p/BP_1478715,Wella Professionals Fusion Yoğun Onarıcı Saç Maskesi 150 ml,"1.529,90 ₺"
https://www.watsons.com.tr/solait-yaslanma-karsiti-yuz-gunes-kremi-spf-50-50-ml/p/BP_152935,Solait Yaşlanma Karşıtı Yüz Güneş Kremi Spf 50+ 50 ml,"599,90 ₺"
https://www.watsons.com.tr/revolution-ultra-bronzer-medium/p/BP_1314859,Revolution Ultra Bronzer Medium,"814,90 ₺"
https://www.watsons.com.tr/wella-koleston-naturals-sac-boyasi-2-8-bogurtlen-siyahi/p/BP_122557,Wella Koleston Naturals Saç Boyası 2/8 Böğürtlen Siyahı,"249,90 ₺"
https://www.watsons.com.tr/axis-y-mini-glow-cilt-bakim-seti/p/BP_1419516,Axis-Y Mini Glow Cilt Bakım Seti,"699,90 ₺"
https://www.watsons.com.tr/ph-lab-anti-akne-30lu-maske-360-ml/p/BP_1461565,Ph Lab Anti Akne 30'lu Maske 360 ml,"1.219,90 ₺"
https://www.watsons.com.tr/bilge-ozturk-renkli-gunes-koruyucu-krem-beyaz-spf50-15-ml/p/BP_1355858,Bilge Öztürk Renkli Güneş Koruyucu Krem Beyaz Spf50 15 ml,"79,95 ₺"
https://www.watsons.com.tr/slipstop-aquatic-mayo-sort-6-7-yas-erkek-cocuk/p/BP_1439095,N/A,N/A
https://www.watsons.com.tr/flormar-color-shadow-stick-soft-cloud-no-001/p/BP_1398180,Flormar Color Shadow Stick Soft Cloud No: 001,"149,00 ₺"
https://www.watsons.com.tr/slipstop-40-41-numara-kadin-kaydirmaz-ayakkabi-rubin/p/BP_1320158,Slipstop 40-41 Numara Kadın Kaydırmaz Ayakkabı Rubin,"369,90 ₺"
https://www.watsons.com.tr/rochas-erkek-parfum-edt-100-ml/p/BP_112159,Rochas Erkek Parfüm EDT 100 ml,"4.299,90 ₺"
https://www.watsons.com.tr/avon-elite-gentleman-in-black-erkek-edt-75-ml/p/BP_1426040,Avon Elite Gentleman In Black Erkek EDT 75 ml,"789,90 ₺"
https://www.watsons.com.tr/slipstop-gru-sort-8-9-yas-erkek-cocuk/p/BP_1439347,N/A,N/A
https://www.watsons.com.tr/roberto-cavalli-uomo-erkek-parfum-edt-100-ml/p/BP_1409905,Roberto Cavalli Uomo Erkek Parfüm EDT 100 ml,"5.929,90 ₺"
https://www.watsons.com.tr/nascita-cift-tarafli-firca-acili-allik-aydinlatici/p/BP_1464764,Nascita Çift Taraflı Fırça Açılı Allık &amp; Aydınlatıcı,"579,90 ₺"
https://www.watsons.com.tr/christian-dior-hypnotic-poison-kadin-parfum-edp-100-ml/p/BP_1475712,Christian Dior Hypnotic Poison Kadın Parfüm EDP 100 ml,"8.899,90 ₺"
https://www.watsons.com.tr/palette-deluxe-sac-boyasi-7-0-kumral/p/BP_135372,Palette Deluxe Saç Boyası 7-0 Kumral,"449,90 ₺"
https://www.watsons.com.tr/unfilter-beauty-stick-allik-42-lush-pink/p/BP_1442679,Unfilter Beauty Stick Allık 42 Lush Pink,"299,90 ₺"
https://www.watsons.com.tr/toc-menstrual-kap-l/p/BP_1323455,N/A,N/A
https://www.watsons.com.tr/axis-y-leke-onleyici-ve-aydinlatici-tonik-125-ml/p/BP_1428308,Axis-Y Leke Önleyici ve Aydınlatıcı Tonik 125 ml,"2.199,90 ₺"
https://www.watsons.com.tr/volenia-kupe-altin-renkli-minimal-fiyonklu/p/BP_1452591,Volenia Küpe Altın Renkli Minimal Fiyonklu,"149,00 ₺"
https://www.watsons.com.tr/flormar-quick-dry-cabuk-kuruyan-parlak-oje-no-qd43/p/BP_1387365,Flormar Quick Dry Çabuk Kuruyan Parlak Oje No: QD43,"149,90 ₺"
https://www.watsons.com.tr/lovely-that-girl-lipstick-02/p/BP_1410990,N/A,N/A
https://www.watsons.com.tr/molped-hijyen-max-gece-ped-super-eko-14lu/p/BP_1484994,Molped Hijyen Max Gece Ped Süper Eko 14'lü,"295,90 ₺"
https://www.watsons.com.tr/nascita-takma-tirnak-renkli-leopar-24lu/p/BP_1350048,N/A,N/A
https://www.watsons.com.tr/slipstop-18-20-numara-ranger-kaydirmaz-ayakkabi-cocuk/p/BP_1399727,Slipstop 18-20 Numara Ranger Kaydırmaz Ayakkabı Çocuk,"299,90 ₺"
https://www.watsons.com.tr/nascita-ballerina-takma-tirnak-36li/p/BP_1446039,Nascita Ballerina Takma Tırnak 36'lı,"229,90 ₺"
https://www.watsons.com.tr/carnaval-yesil-pembe-mavi-cizgili-patik-corap-3lu/p/BP_1440726,N/A,N/A
https://www.watsons.com.tr/rexona-ustun-koruma-kadin-roll-on-deodorant-shower-fresh-72-saat-kesintisiz-koruma-50-ml/p/BP_135556,Rexona Üstün Koruma Kadın Roll On Deodorant Shower Fresh 72 Saat Kesintisiz Koruma 50 ml,"299,90 ₺"
https://www.watsons.com.tr/nyx-professional-makeup-powder-louder-pudrali-kas-kalemi-02-taupe/p/BP_1410283,N/A,N/A
https://www.watsons.com.tr/loreal-paris-excellence-sac-boyasi-ekstra-kullu-sari-811/p/BP_1268841,L'Oreal Paris Excellence Saç Boyası Ekstra Küllü Sarı 8.11,"556,90 ₺"
https://www.watsons.com.tr/aqua-di-polo-1987-st-tropez-nights-siyah-kadin-oval-gunes-gozlugu/p/BP_1435931,Aqua Di Polo 1987 St Tropez Nights Siyah Kadın Oval Güneş Gözlüğü,"399,90 ₺"
https://www.watsons.com.tr/ulric-de-varens-romance-oh-paris-kadin-edp-50-ml/p/BP_1406972,N/A,N/A
https://www.watsons.com.tr/maybelline-new-york-super-stay-lumi-matte-fondoten-no-132/p/BP_1425074,Maybelline New York Super Stay Lumi Matte Fondöten No: 132,"399,00 ₺"
https://www.watsons.com.tr/urban-care-argan-yagi-keratin-besleyici-ve-kirilma-karsiti-sac-bakim-kremi-250-ml/p/BP_1478169,Urban Care Argan Yağı &amp; Keratin Besleyici ve Kırılma Karşıtı Saç Bakım Kremi 250 ml,"399,90 ₺"
https://www.watsons.com.tr/pastel-duo-blush-set-cheek-to-cheek-ikili-allik-seti-10-hot-pink/p/BP_1305052,Pastel Duo Blush Set Cheek To Cheek İkili Allık Seti 10 Hot Pink,"689,90 ₺"
https://www.watsons.com.tr/i-heart-revolution-watermelon-eyeliner-waterproof/p/BP_1296253,I Heart Revolution Watermelon Eyeliner Waterproof,"199,00 ₺"
https://www.watsons.com.tr/deborah-24ore-long-lastingautomatic-dudak-kalemi-no-3/p/BP_155047,Deborah 24Ore Long LastingAutomatic Dudak Kalemi No: 3,"79,95 ₺"
https://www.watsons.com.tr/pastel-nude-oje-no-760/p/BP_143860,Pastel Nude Oje No: 760,"119,90 ₺"
https://www.watsons.com.tr/mov-glitter-festival-no-07-orange-blossom/p/BP_1408379,Mov Glitter Festival No: 07&nbsp;Orange Blossom,"39,95 ₺"
https://www.watsons.com.tr/watsons-organik-kare-makyaj-pamugu-50-adet/p/BP_166254,Watsons Organik Kare Makyaj Pamuğu 50 Adet,"59,95 ₺"
https://www.watsons.com.tr/himalaya-isiltili-beyazlik-dis-macunu-75-ml/p/BP_1340241,Himalaya Işıltılı Beyazlık Diş Macunu 75 ml,"59,95 ₺"
https://www.watsons.com.tr/golden-rose-keratin-oje-no-134/p/BP_1444863,Golden Rose Keratin Oje No: 134,"99,95 ₺"
https://www.watsons.com.tr/pastel-profashion-krem-allik-55/p/BP_1453403,Pastel Profashion Krem Allık 55,"559,90 ₺"
https://www.watsons.com.tr/max-factor-facefinity-3in1-fondoten-no-44-warm-ivory/p/BP_170530,Max Factor Facefinity 3in1 Fondöten No: 44&nbsp; Warm Ivory,"1.059,90 ₺"
https://www.watsons.com.tr/cosmed-gunes-koruyucu-krem-tum-ciltler-spf50-50-ml/p/BP_1319143,Cosmed Güneş Koruyucu Krem Tüm Ciltler Spf50 50 ml,"699,90 ₺"
https://www.watsons.com.tr/flexicare-ayakkabi-koruyucu-sprey-250-ml/p/BP_1406629,Flexicare Ayakkabı Koruyucu Sprey 250 ml,"29,95 ₺"
https://www.watsons.com.tr/maybelline-new-york-color-tattoo-24h-eye-stix-spicy/p/BP_1437072,Maybelline New York Color Tattoo 24H Eye Stix Spicy,"999,90 ₺"
https://www.watsons.com.tr/lovely-pump-up-waterproof-maskara/p/BP_1255569,Lovely Pump Up Waterproof Maskara,"459,90 ₺"
https://www.watsons.com.tr/kotex-natural-ultra-quadro-uzun-16/p/BP_1271235,Kotex Natural Ultra Quadro Uzun 16,"315,90 ₺"
https://www.watsons.com.tr/biomagic-premium-sac-boyasi-7-28-kumral-inci-kullu/p/BP_1432403,Biomagic Premium Saç Boyası 7/28 Kumral İnci Küllü,"749,90 ₺"
https://www.watsons.com.tr/flormar-lift-up-dudak-parlaticisi-secret-fever/p/BP_1453445,Flormar Lift Up Dudak Parlatıcısı Secret Fever,"649,90 ₺"
https://www.watsons.com.tr/revolution-reloaded-sikistirilmis-pudra-vanilla/p/BP_1367569,Revolution Reloaded Sıkıştırılmış Pudra Vanilla,"749,90 ₺"
https://www.watsons.com.tr/garnier-vitamin-c-parlaklik-etkili-tonik-120-ml/p/BP_1431703,N/A,N/A
https://www.watsons.com.tr/parodontax-orijinal-dis-macunu-75-ml/p/BP_138914,Parodontax Orijinal Diş Macunu 75 ml,"279,90 ₺"
https://www.watsons.com.tr/kalyon-kuruluk-onleyici-tirnak-bakim-yagi/p/BP_1453151,Kalyon Kuruluk Önleyici Tırnak Bakım Yağı,"397,90 ₺"
https://www.watsons.com.tr/note-silk-tattoo-goz-kalemi-02-espresso/p/BP_1481032,Note Silk Tattoo Göz Kalemi 02 Espresso,"599,90 ₺"
https://www.watsons.com.tr/pastel-oje-no-413/p/BP_1404452,Pastel Oje No: 413,"119,90 ₺"
https://www.watsons.com.tr/head-shoulders-ekstra-hacim-kepek-karsiti-gunluk-kullanim-sampuan-330-ml/p/BP_1314341,Head&amp;Shoulders Ekstra Hacim Kepek Karşıtı Günlük Kullanım Şampuan 330 ml,"294,90 ₺"
https://www.watsons.com.tr/emotion-roll-on-natural-bloom-50-ml/p/BP_1318135,Emotion Roll On Natural Bloom 50 ml,"279,90 ₺"
https://www.watsons.com.tr/maybelline-new-york-sunkisser-likit-allik-03-sol-search/p/BP_1397648,Maybelline New York Sunkisser Likit Allık 03 Sol Search,"749,90 ₺"
https://www.watsons.com.tr/revolution-beam-bright-aydinlatici-pink-seduction/p/BP_1403927,Revolution Beam Bright Aydınlatıcı Pink Seduction,"149,00 ₺"
https://www.watsons.com.tr/carnaval-bambu-siyah-beyaz-gri-soket-corap-3lu/p/BP_1440803,N/A,N/A
https://www.watsons.com.tr/i-heart-revolution-swirl-dudak-balmi-lemonmeringue/p/BP_1444387,I Heart Revolution Swirl Dudak Balmı Lemonmeringue,"749,90 ₺"
https://www.watsons.com.tr/slipstop-spooky-kaydirmaz-ayakkabi-erkek-39-40/p/BP_1440124,Slipstop Spooky Kaydırmaz Ayakkabı Erkek 39-40,"149,00 ₺"
https://www.watsons.com.tr/pastel-oje-no-19/p/BP_116843,Pastel Oje No: 19,"119,90 ₺"
https://www.watsons.com.tr/nyx-professional-makeup-worth-the-hype-volumizing-maskara/p/BP_160617,Nyx Professional Makeup Worth The Hype Volumizing Maskara,"1.249,90 ₺"
https://www.watsons.com.tr/pastel-lip-to-cheek-tint-02-lolita/p/BP_1345463,Pastel Lip To Cheek Tint 02 Lolita,"625,90 ₺"
https://www.watsons.com.tr/maybelline-new-york-super-stay-skin-tint-fondoten-03/p/BP_1345918,Maybelline New York Super Stay Skin Tint Fondöten 03,"2.049,90 ₺"
https://www.watsons.com.tr/cire-aseptine-gunes-koruyucu-krem-50-spf-200-ml/p/BP_1349341,Cire Aseptine Güneş Koruyucu Krem 50 SPF 200 ml,"899,90 ₺"
https://www.watsons.com.tr/nyx-professional-makeup-holiday-25-candy-swirl-liner-gingersnap/p/BP_1480822,Nyx Professional Makeup Holiday 25 Candy Swirl Liner Gingersnap,"929,90 ₺"
https://www.watsons.com.tr/pastel-cream-blush-krem-allik-44-blossom/p/BP_1250858,Pastel Cream Blush Krem Allık 44 Blossom,"559,90 ₺"
https://www.watsons.com.tr/short-story-aha-moment-with-bha-peeling-etkili-arindirici-tonik-200-ml/p/BP_1437338,Short Story AHA! Moment With BHA Peeling Etkili Arındırıcı Tonik 200 ml,"499,90 ₺"
https://www.watsons.com.tr/dfeys-akne-karsiti-kirmizi-peeling-serum-aha-8-bha-2-30-ml/p/BP_1453557,D'Feys Akne Karşıtı Kırmızı Peeling Serum AHA %8 BHA %2 30 ml,"663,90 ₺"
https://www.watsons.com.tr/slipstop-24-26-numara-erkek-cocuk-kaydirmaz-ayakkabi-racing/p/BP_161307,N/A,N/A
https://www.watsons.com.tr/uni-aile-3x52li-islak-mendil/p/BP_1327480,N/A,N/A
https://www.watsons.com.tr/deborah-color-lovers-tekli-far-warm-taupe-04/p/BP_1375822,Deborah Color Lovers Tekli Far Warm Taupe 04,"799,90 ₺"
https://www.watsons.com.tr/oral-b-pro-expert-komple-7-dis-fircasi-40-orta/p/BP_139809,Oral-B Pro-Expert Komple 7 Diş Fırçası 40 Orta,"469,90 ₺"
https://www.watsons.com.tr/wella-koleston-intense-sac-boyasi-4-1-kullu-kahve/p/BP_1354983,Wella Koleston Intense Saç Boyası 4/1 Küllü Kahve,"249,90 ₺"
https://www.watsons.com.tr/puritans-pride-omega-3-1400-mg-60-kapsul/p/BP_1422113,N/A,N/A
https://www.watsons.com.tr/pastel-oje-no-310/p/BP_1273069,Pastel Oje No: 310,"119,90 ₺"
https://www.watsons.com.tr/head-shoulders-dermaxpro-onarici-nemlendirme-sac-derisi-nemlendirici-durulanmayan-sac-derisi-serumu-niacinamide-ve-seramid-145-ml/p/BP_1423933,Head&amp;Shoulders DermaXPRO Onarıcı Nemlendirme Saç Derisi Nemlendirici Durulanmayan Saç Derisi Serumu Niacinamide ve Seramid 145 ml,"199,00 ₺"
https://www.watsons.com.tr/matsu-sac-tonigi-rosemary-scalpify-100-ml/p/BP_1456826,Matsu Saç Toniği Rosemary Scalpify 100 ml,"639,90 ₺"
https://www.watsons.com.tr/watsons-sac-kopugu-bukle-belirginlestirici-200-ml/p/BP_1348886,Watsons Saç Köpüğü Bukle Belirginleştirici 200 ml,"249,90 ₺"
https://www.watsons.com.tr/watsons-derinlemesine-temizlik-burun-bandi-charcoal-powder-10lu/p/BP_1404032,Watsons Derinlemesine Temizlik Burun Bandı Charcoal Powder 10'lu,"449,90 ₺"
https://www.watsons.com.tr/dalin-bebek-yagi-ciceksi-yumusaklik-300-ml/p/BP_1286327,Dalin Bebek Yağı Çiçeksi Yumuşaklık 300 ml,"239,90 ₺"
https://www.watsons.com.tr/deborah-love-my-lashes-volume-maskara/p/BP_149568,Deborah Love My Lashes Volume Maskara,"649,90 ₺"
https://www.watsons.com.tr/loreal-paris-freshwear-cushion-fondoten-24h-air-wear-50/p/BP_1480633,L'Oréal Paris Freshwear Cushion Fondöten 24H Air Wear 50,"2.119,90 ₺"
https://www.watsons.com.tr/watsons-fresh-splash-deodorant-sprey-pudrasiz-150-ml/p/BP_1420734,Watsons Fresh Splash Deodorant Sprey Pudrasız 150 ml,"169,90 ₺"
https://www.watsons.com.tr/rebul-mystic-cherry-kadin-parfum-edp-50-ml/p/BP_1481214,Rebul Mystic Cherry Kadın Parfüm EDP 50 ml,"499,90 ₺"
https://www.watsons.com.tr/siveno-100-dogal-bebek-pisik-onleyici-jel-krem-50-ml/p/BP_1477553,Siveno %100 Doğal Bebek Pişik Önleyici Jel Krem 50 ml,"499,90 ₺"
https://www.watsons.com.tr/colgate-optik-beyaz-dis-macunu-aninda-beyazlik-20-ml/p/BP_1247729,Colgate Optik Beyaz Diş Macunu Anında Beyazlık 20 ml,"179,90 ₺"
https://www.watsons.com.tr/nivea-soft-nemlendirici-bakim-kremi-yuz-vucut-el-75-ml-jojoba-yagi-ve-e-vitamini-tum-ciltler/p/BP_113551,Nivea Soft Nemlendirici Bakım Kremi Yüz Vücut El 75 ml Jojoba Yağı ve E Vitamini Tüm Ciltler,"179,90 ₺"
https://www.watsons.com.tr/morfose-milk-therapy-butter-mucizevi-sac-bakim-yagi-200-ml/p/BP_1334284,Morfose Milk Therapy Butter Mucizevi Saç Bakım Yağı 200 ml,"349,90 ₺"
https://www.watsons.com.tr/revolution-conceal-define-fondoten-f1/p/BP_166554,Revolution Conceal &amp; Define Fondöten F1,"1.374,90 ₺"
https://www.watsons.com.tr/pastel-summer-aura-oje-449/p/BP_1445983,N/A,N/A
https://www.watsons.com.tr/slipstop-27-29-numara-kiz-cocuk-kaydirmaz-ayakkabi-chacha/p/BP_1399706,N/A,N/A
https://www.watsons.com.tr/watsons-cok-yuksek-korumali-yuz-gunes-koruyucu-spf50-50-ml/p/BP_1341746,Watsons Çok Yüksek Korumalı Yüz Güneş Koruyucu Spf50+ 50 ml,"599,90 ₺"
https://www.watsons.com.tr/emporio-armani-stronger-with-you-intensely-erkek-parfum-seti-edp-100-ml-dus-jeli-75-ml/p/BP_1481396,N/A,N/A
https://www.watsons.com.tr/flormar-sheer-up-ruj-no-018-enchanted-kiss/p/BP_1433782,Flormar Sheer Up Ruj No: 018 Enchanted Kiss,"869,90 ₺"
https://www.watsons.com.tr/slipstop-21-23-numara-kiz-cocuk-kaydirmaz-ayakkabi-ivy/p/BP_1320340,Slipstop 21-23 Numara Kız Çocuk Kaydırmaz Ayakkabı Ivy,"349,90 ₺"
https://www.watsons.com.tr/golden-rose-ice-color-mini-oje-no-204/p/BP_1365343,Golden Rose Ice Color Mini Oje No: 204,"9,99 ₺"
https://www.watsons.com.tr/miine-yilbasi-sac-taci-santa/p/BP_1442756,Miine Yılbaşı Saç Tacı Santa,"79,95 ₺"
https://www.watsons.com.tr/golden-rose-dream-eyes-eyeliner-no-407/p/BP_1433579,Golden Rose Dream Eyes Eyeliner No: 407,"179,90 ₺"
https://www.watsons.com.tr/martinelia-royal-scepter-dudak-parlaticisi-karpuz/p/BP_1441566,N/A,N/A
https://www.watsons.com.tr/maybelline-new-york-cheek-heat-likit-allik-no-15-nude-burn/p/BP_173028,N/A,N/A
https://www.watsons.com.tr/aqua-di-polo-1987-unisex-siyah-yuvarlak-gunes-gozluk-apsi000101/p/BP_1381975,Aqua Di Polo 1987 Unisex Siyah Yuvarlak Güneş Gözlük APSI000101,"399,90 ₺"
https://www.watsons.com.tr/slipstop-texas-sort-6-7-yas-erkek-cocuk-texas-sort/p/BP_1399461,N/A,N/A
https://www.watsons.com.tr/i-heart-revolution-lulu-teddy-banyo-topu-140-g/p/BP_1445220,I Heart Revolution Lulu Teddy Banyo Topu 140 g,"199,00 ₺"
https://www.watsons.com.tr/nascita-diva-seri-takma-kirpik-s116/p/BP_1347395,Nascita Diva Seri Takma Kirpik S116,"354,90 ₺"
https://www.watsons.com.tr/essence-natural-matte-mousse-fondoten-no-02/p/BP_1405453,Essence Natural Matte Mousse Fondöten No: 02,"230,90 ₺"
https://www.watsons.com.tr/celenes-sea-buckthorn-micel-temizleme-su-yagli-ve-karma-ciltler-400-ml/p/BP_1445346,Celenes Sea Buckthorn Micel Temizleme Su Yağlı ve Karma Ciltler 400 ml,"429,90 ₺"
https://www.watsons.com.tr/watsons-sun-vucut-koruyucu-sprey-spf30-200-ml/p/BP_1345169,Watsons Sun Vücut Koruyucu Sprey Spf30 200 ml,"79,95 ₺"
https://www.watsons.com.tr/garnier-carpici-renkler-sac-boyasi-111-ekstra-acik-gumus-sarisi/p/BP_135100,Garnier Çarpıcı Renkler Saç Boyası 111 Ekstra Açık Gümüş Sarısı,"239,90 ₺"
https://www.watsons.com.tr/pastel-profashion-likit-kapatici-104/p/BP_1432088,Pastel Profashion Likit Kapatıcı 104,"609,90 ₺"
https://www.watsons.com.tr/deborah-24ore-long-lasting-automatic-dudak-kalemi-no-5/p/BP_155049,Deborah 24Ore Long Lasting Automatic Dudak Kalemi No: 5,"79,95 ₺"
https://www.watsons.com.tr/maybelline-new-york-lifter-gloss-nemlendirici-dudak-parlaticisi-009-topaz/p/BP_1316210,Maybelline New York Lifter Gloss Nemlendirici Dudak Parlatıcısı 009 Topaz,"1.299,90 ₺"
https://www.watsons.com.tr/dalin-cep-havlu-3-al-2-ode/p/BP_138377,Dalin Cep Havlu 3 Al 2 Öde,"128,90 ₺"
https://www.watsons.com.tr/rebul-grey-leather-erkek-parfum-edt-100-ml/p/BP_168431,Rebul grey Leather Erkek Parfüm EDT 100 ml,"799,90 ₺"
https://www.watsons.com.tr/pastel-oje-no-247/p/BP_154811,Pastel Oje No: 247,"119,90 ₺"
https://www.watsons.com.tr/flormar-suya-dayanikli-mat-goz-kalemi-no-114/p/BP_136490,Flormar Suya Dayanıklı Mat Göz Kalemi No: 114,"399,90 ₺"
https://www.watsons.com.tr/okey-2in1-aromasiz-kayganlastirici-200-ml/p/BP_1394701,Okey 2in1 Aromasız Kayganlaştırıcı 200 ml,"467,90 ₺"
https://www.watsons.com.tr/otaci-botanics-yaglanma-karsiti-bitkisel-bakim-sampuani-375-ml-/p/BP_1453508,Otacı Botanics+ Yağlanma Karşıtı Bitkisel Bakım Şampuanı 375 ml  ,"739,90 ₺"
https://www.watsons.com.tr/listerine-6-etki-1-arada-agiz-suyu-500-ml/p/BP_142060,Listerine 6 Etki 1 Arada Ağız Suyu 500 ml,"379,90 ₺"
https://www.watsons.com.tr/slipstop-8-9-yas-erkek-cocuk-sort-surf/p/BP_1399027,N/A,N/A
https://www.watsons.com.tr/derminix-yuz-gunes-koruyucu-sprey-krem-spf50-75-ml/p/BP_1349320,Derminix Yüz Güneş Koruyucu Sprey Krem Spf50+ 75 ml,"599,90 ₺"
https://www.watsons.com.tr/volenia-kupe-altin-renkli-yildizli/p/BP_1452570,Volenia Küpe Altın Renkli Yıldızlı,"199,00 ₺"
https://www.watsons.com.tr/naturagen-omega-3-60-kapsul/p/BP_1365665,N/A,N/A
https://www.watsons.com.tr/naturals-by-watsons-sac-bakim-yagi-olive-100-ml/p/BP_1274441,Naturals By Watsons Saç Bakım Yağı Olive 100 ml,"99,95 ₺"
https://www.watsons.com.tr/frudia-my-orchard-soothing-mist-aloe-vera-125-ml/p/BP_1394484,Frudia My Orchard Soothing Mist Aloe Vera 125 ml,"429,90 ₺"
https://www.watsons.com.tr/pure-korean-akne-sivilce-spot-patch/p/BP_1427146,Pure Korean Akne Sivilce Spot Patch,"99,95 ₺"
https://www.watsons.com.tr/nascita-pro-kabuki-fircasi/p/BP_167752,Nascita Pro Kabuki Fırçası,"554,90 ₺"
https://www.watsons.com.tr/uni-aktif-cep-mendil-3x15li/p/BP_1327466,Uni Aktif Cep Mendil 3x15'li,"79,95 ₺"
https://www.watsons.com.tr/anyong-cilt-tonu-esitleyici-kit/p/BP_1410199,N/A,N/A
https://www.watsons.com.tr/rebul-amber-suede-erkek-parfum-edp-100-ml/p/BP_168432,Rebul Amber Suede Erkek Parfüm EDP 100 ml,"799,90 ₺"
https://www.watsons.com.tr/show-by-pastel-baby-balmy-serum-gloss-39-haunted/p/BP_1445024,Show By Pastel Baby Balmy Serum Gloss 39 Haunted,"559,90 ₺"
https://www.watsons.com.tr/show-by-pastel-show-your-joy-liquid-blush-likit-allik-55/p/BP_1310113,Show By Pastel Show Your Joy Liquid Blush Likit Allık 55,"589,90 ₺"
https://www.watsons.com.tr/siveno-dogal-sinek-ve-kene-kovucu-sprey-krem-50-ml/p/BP_1444205,Siveno Doğal Sinek ve Kene Kovucu Sprey Krem 50 ml,"499,90 ₺"
https://www.watsons.com.tr/head-shoulders-2si-1-arada-ipeksi-yumusaklik-kepek-karsiti-sampuan-300-ml/p/BP_1425914,Head&amp;Shoulders 2'si 1 Arada Ipeksi Yumusaklik Kepek Karşıtı Şampuan 300 ml,"294,90 ₺"
https://www.watsons.com.tr/revolution-conceal-define-c9-kapatici/p/BP_160375,Revolution Conceal &amp; Define C9 Kapatıcı,"814,90 ₺"
https://www.watsons.com.tr/maybelline-new-york-super-stay-matte-ink-likit-mat-ruj-510-charmer/p/BP_1437240,Maybelline New York Super Stay Matte Ink Likit Mat Ruj 510 Charmer,"1.449,90 ₺"
https://www.watsons.com.tr/bioblas-sivi-sac-kremi-kolajen-ve-keratin-200-ml/p/BP_1328005,Bioblas Sıvı Saç Kremi Kolajen ve Keratin 200 ml,"407,90 ₺"
https://www.watsons.com.tr/ziaja-marshmallow-seker-taneli-vucut-peelingi-300-ml/p/BP_1356033,Ziaja Marshmallow Şeker Taneli Vücut Peelingi 300 ml,"979,90 ₺"
https://www.watsons.com.tr/flormar-illuminating-primer-plus-isilti-veren-makyaj-bazi/p/BP_1292571,Flormar Illuminating Primer Plus Işıltı Veren Makyaj Bazı,"1.049,90 ₺"
https://www.watsons.com.tr/target-pro-by-watsons-active-biome-nemlendirici-50ml/p/BP_1406692,Target Pro By Watsons Active Biome Nemlendirici 50Ml,"199,00 ₺"
https://www.watsons.com.tr/slipstop-21-23-numara-erkek-cocuk-kaydirmaz-ayakkabi-berko/p/BP_1320004,Slipstop 21-23 Numara Erkek Çocuk Kaydırmaz Ayakkabı Berko,"59,95 ₺"
https://www.watsons.com.tr/colgate-optic-white-dis-macun-cay-kahve-tutun-75-ml/p/BP_1424283,Colgate Optic White Diş Macun Çay&amp;Kahve&amp;Tütün 75 ml,"435,90 ₺"
https://www.watsons.com.tr/tommy-hilfiger-tommy-girl-now-kadin-parfum-edt-100-ml/p/BP_1366470,Tommy Hilfiger Tommy Girl Now Kadın Parfüm Edt 100 ml,"2.699,90 ₺"
https://www.watsons.com.tr/superdrug-besleyici-cay-agaci-ve-nane-ozlu-ayak-maskesi/p/BP_168820,Superdrug Besleyici Çay Ağacı ve Nane Özlü Ayak Maskesi,"59,95 ₺"
https://www.watsons.com.tr/lionesse-kalemtiras/p/BP_1383718,Lionesse Kalemtıraş,"59,95 ₺"
https://www.watsons.com.tr/essence-birthday-bomb-shiny-lip-gloss-01/p/BP_1446620,Essence Birthday Bomb Shiny Lip Gloss 01,"114,90 ₺"
https://www.watsons.com.tr/ogx-biotin-collagen-dolgunlastirici-sampuan-385-ml-argan-oil-of-morocco-sac-bakim-yagi-100-ml/p/BP_1454565,OGX Biotin&amp;Collagen Dolgunlaştırıcı Şampuan 385 ml + Argan Oil of Morocco Saç Bakım Yağı 100 ml,"1.499,90 ₺"
https://www.watsons.com.tr/uzspace-tritan-su-matarasi-650-ml/p/BP_1456987,Uzspace Tritan Su Matarası 650 ml,"999,90 ₺"
https://www.watsons.com.tr/burberry-london-kadin-parfum-edp-100-ml/p/BP_1387477,Burberry London Kadın Parfüm EDP 100 ml,"5.099,90 ₺"
https://www.watsons.com.tr/flormar-kiss-me-more-yogun-nemlendirici-likit-mat-ruj-morumsu-koyu-seftali/p/BP_1345323,Flormar Kiss Me More Yoğun Nemlendirici Likit Mat Ruj Morumsu Koyu Şeftali,"949,90 ₺"
https://www.watsons.com.tr/maruderm-hyaluronik-asit-vucut-kremi-400-ml/p/BP_1406300,Maruderm Hyaluronik Asit Vucüt Kremi 400 ml,"449,90 ₺"
https://www.watsons.com.tr/flormar-perfect-coverage-yogun-pigmentli-spf15-fondoten-no-101/p/BP_1370565,Flormar Perfect Coverage Yoğun Pigmentli SPF15 Fondöten No: 101,"1.099,90 ₺"
https://www.watsons.com.tr/head-shoulders-arindirma-ve-parlaklik-kepek-karsiti-sampuan-elma-sirkesi-800-ml/p/BP_1449483,Head&amp;Shoulders Arındırma ve Parlaklık Kepek Karşıtı Şampuan Elma Sirkesi 800 ml,"709,90 ₺"
https://www.watsons.com.tr/golden-rose-mood-gleamy-dudak-parlaticisi-no-205-cherry-pop/p/BP_1476300,Golden Rose Mood Gleamy Dudak Parlatıcısı No: 205 Cherry Pop,"539,90 ₺"
https://www.watsons.com.tr/roc-leke-karsiti-yuz-gunes-kremi-spf-50-50-ml/p/BP_1271151,RoC Leke Karşıtı Yüz Güneş Kremi SPF 50 + 50 ml,"2.199,90 ₺"
https://www.watsons.com.tr/essence-hydra-kiss-lip-dudak-tint-03/p/BP_1465107,Essence Hydra Kiss Lip Dudak Tint 03,"229,90 ₺"
https://www.watsons.com.tr/watsons-komurlu-soft-dis-fircasi-1-adet/p/BP_168707,Watsons Kömürlü Soft Diş Fırçası 1 Adet,"109,90 ₺"
https://www.watsons.com.tr/watsons-sun-yuz-kremi-spf50-50-ml/p/BP_1424703,N/A,N/A
https://www.watsons.com.tr/flormar-nail-enamel-yogun-pigmentli-parlak-oje-no-380-pomegranete-flower/p/BP_125199,Flormar Nail Enamel Yoğun Pigmentli Parlak Oje No: 380 Pomegranete Flower,"99,95 ₺"
https://www.watsons.com.tr/loreal-paris-plump-ambition-hyaluron-lip-oil-besleyici-ve-nemlendirici-dudak-parlaticisi-490-berry-jolie/p/BP_1436610,L'Oreal Paris Plump Ambition Hyaluron Lip Oil Besleyici ve Nemlendirici Dudak Parlatıcısı 490 Berry Jolie,"1.199,90 ₺"
https://www.watsons.com.tr/pastel-deep-matte-waterproof-dipliner-mat-dipliner/p/BP_116775,Pastel Deep Matte Waterproof Dipliner Mat Dipliner,"599,90 ₺"
https://www.watsons.com.tr/loreal-paris-cest-magic-bb-krem-02-light/p/BP_170585,L'Oreal Paris C'est Magic BB Krem 02 Light,"1.299,90 ₺"
https://www.watsons.com.tr/loreal-paris-infaillible-faux-brow-ultra-ince-uclu-kas-kalemi-light-brunette/p/BP_1436715,L'Oreal Paris Infaillible Faux Brow Ultra İnce Uçlu Kaş Kalemi Light Brunette,"1.149,90 ₺"
https://www.watsons.com.tr/flormar-perfect-coverage-kapatici-no-30-light/p/BP_1481928,Flormar Perfect Coverage Kapatıcı No:30 Light,"949,90 ₺"
https://www.watsons.com.tr/celenes-nordic-gojiberry-stick-dudak-balmi-4-8-g/p/BP_1444814,"Celenes Nordic Gojiberry Stick Dudak Balmı 4,8 g","79,95 ₺"
https://www.watsons.com.tr/youpick-mandal-toka-dikdortgen-siyah/p/BP_1377705,Youpick Mandal Toka Dikdörtgen Siyah,"64,95 ₺"
https://www.watsons.com.tr/the-purest-solutions-lekeli-cilt-gunes-kremi-50-spf-50-ml/p/BP_1323728,The Purest Solutions Lekeli Cilt Güneş Kremi 50+ Spf 50 ml,"949,90 ₺"
https://www.watsons.com.tr/flormar-pearly-parlak-bitisli-sedefli-oje-no-pl118/p/BP_1364993,Flormar Pearly Parlak Bitişli Sedefli Oje No: PL118,"29,95 ₺"
https://www.watsons.com.tr/nascita-happy-candy-makyaj-sungeri/p/BP_1381345,Nascita Happy Candy Makyaj Süngeri,"89,95 ₺"
https://www.watsons.com.tr/duaderm-natural-yogun-bakim-kremi-50-ml/p/BP_1393140,N/A,N/A
https://www.watsons.com.tr/listerine-advanced-whitening-agiz-suyu-500-ml/p/BP_146502,Listerine Advanced Whitening Ağız Suyu 500 ml,"379,90 ₺"
https://www.watsons.com.tr/watsons-pudra-fircasi/p/BP_1404620,Watsons Pudra Fırçası,"279,90 ₺"
https://www.watsons.com.tr/she-vec-red-of-love-leke-ve-akne-karsiti-serum-30-ml/p/BP_1354675,N/A,N/A
https://www.watsons.com.tr/rosense-sikilastirici-tonik-200-ml/p/BP_167641,Rosense Sıkılaştırıcı Tonik 200 ml,"419,90 ₺"
https://www.watsons.com.tr/taft-curl-and-flex-kopuk-150-ml/p/BP_127634,Taft Curl and Flex Köpük 150 ml,"417,90 ₺"
https://www.watsons.com.tr/maybelline-new-york-fit-me-mat-poreless-pudra-no-90-transparan/p/BP_165895,Maybelline New York Fit Me Mat &amp; Poreless Pudra No: 90 Transparan,"1.599,90 ₺"
https://www.watsons.com.tr/nyx-professional-makeup-duck-plump-dolgun-gorunum-veren-dudak-parlaticisi-06-brick-of-time/p/BP_1385741,Nyx Professional Makeup Duck Plump Dolgun Görünüm Veren Dudak Parlatıcısı 06 Brick Of Time,"1.169,90 ₺"
https://www.watsons.com.tr/eyup-sabri-tuncer-japon-kiraz-cicegi-sivi-sabun-500-ml/p/BP_174720,Eyüp Sabri Tuncer Japon Kiraz Çiçeği Sıvı Sabun 500 ml,"179,90 ₺"
https://www.watsons.com.tr/flormar-jelly-look-yogun-pigmentli-parlak-oje-no-jl01/p/BP_1326493,Flormar Jelly Look Yoğun Pigmentli Parlak Oje No: JL01,"149,90 ₺"
https://www.watsons.com.tr/rocs-black-edition-orta-dis-fircasi/p/BP_137970,Rocs Black Edition Orta Diş Fırçası,"369,90 ₺"
https://www.watsons.com.tr/colgate-optic-white-oxygen-beyazlatici-dis-macunu-50-ml/p/BP_1369473,Colgate Optic White Oxygen Beyazlatıcı Diş Macunu 50 ml,"499,90 ₺"
https://www.watsons.com.tr/dicora-urban-fit-kadin-parfum-edt-nyc-150-ml-cantali-set/p/BP_1410780,Dicora Urban Fit Kadın Parfüm EDT Nyc 150 ml Çantalı Set,"1.749,90 ₺"
https://www.watsons.com.tr/carnaval-kurdele-detayli-beyaz-firfirli-corap/p/BP_1440642,N/A,N/A
https://www.watsons.com.tr/max-factor-masterpiece-likit-eyeliner-espresso/p/BP_1409352,Max Factor Masterpiece Likit Eyeliner Espresso,"687,90 ₺"
https://www.watsons.com.tr/nivea-luminous630-leke-karsiti-gece-bakim-kremi-50-ml/p/BP_1329916,Nivea Luminous630 Leke Karşıtı Gece Bakım Kremi 50 ml,"1.169,90 ₺"
https://www.watsons.com.tr/axe-premium-collection-erkek-sprey-deodorant-aqua-bergamot-72-saat-ferahlik-150-ml/p/BP_1390487,Axe Premium Collection Erkek Sprey Deodorant Aqua Bergamot 72 Saat Ferahlık 150 ml,"487,90 ₺"
https://www.watsons.com.tr/note-iconic-sheer-ruj-211/p/BP_1424178,Note Iconic Sheer Ruj 211,"699,90 ₺"
https://www.watsons.com.tr/note-smokey-goz-kalemi-no-01/p/BP_144213,Note Smokey Göz Kalemi No: 01,"449,90 ₺"
https://www.watsons.com.tr/loreal-paris-revitalift-lazer-yogun-yaslanma-karsiti-gunduz-bakim-kremi-50-ml/p/BP_137245,L'Oreal Paris Revitalift Lazer Yoğun Yaşlanma Karşıtı Gündüz Bakım Kremi 50 ml,"1.759,90 ₺"
https://www.watsons.com.tr/flormar-suya-dayanikli-mat-dudak-kalemi-no-229/p/BP_142406,Flormar Suya Dayanıklı Mat Dudak Kalemi No: 229,"399,90 ₺"
https://www.watsons.com.tr/signal-white-now-color-correct-dis-macunu-75-ml/p/BP_1424101,Signal White Now Color Correct Diş Macunu 75 ml,"492,90 ₺"
https://www.watsons.com.tr/volenia-kalpli-zincir-canta-charmi/p/BP_1454810,N/A,N/A
https://www.watsons.com.tr/rexona-advanced-protection-kadin-stick-deodorant-bright-bouquet-50-ml/p/BP_1459787,Rexona Advanced Protection Kadın Stick Deodorant Bright Bouquet 50 ml,"399,90 ₺"
https://www.watsons.com.tr/acqua-perfection-nemlendirici-ve-temizleyici-tonik-200-ml/p/BP_1378223,Acqua Perfection Nemlendirici ve Temizleyici Tonik 200 ml,"79,95 ₺"
https://www.watsons.com.tr/palette-kalici-dogal-renkler-8-16-kullu-sari/p/BP_1316287,Palette Kalıcı Doğal Renkler 8-16 Küllü Sarı,"267,90 ₺"
https://www.watsons.com.tr/dalin-kolonya-turunc-bahcesi-150-ml/p/BP_1249787,Dalin Kolonya Turunç Bahçesi 150 ml,"184,90 ₺"
https://www.watsons.com.tr/sebamed-clear-face-compact-100-gr/p/BP_133181,Sebamed Clear Face Compact 100 gr,"573,90 ₺"
https://www.watsons.com.tr/nivea-renkli-dudak-bakim-kremi-pembe-4-8-g-spf30-e-vitamini-dudak-ve-yanaklar-icin/p/BP_1401477,"Nivea Renkli Dudak Bakım Kremi Pembe 4,8 g SPF30 E Vitamini Dudak ve Yanaklar İçin","439,90 ₺"
https://www.watsons.com.tr/co-nails-effect-neon-oje-no-6/p/BP_1297940,N/A,N/A
https://www.watsons.com.tr/pastel-plump-up-extra-hydrayting-gloss-214/p/BP_1431976,Pastel Plump Up Extra Hydrayting Gloss 214,"749,90 ₺"
https://www.watsons.com.tr/wella-koleston-naturals-sac-boyasi-8-1-acik-kullu-kumral/p/BP_122545,Wella Koleston Naturals Saç Boyası 8/1 Açık Küllü Kumral,"249,90 ₺"
https://www.watsons.com.tr/nyx-professional-makeup-epic-wear-liner-sticks-pure-white/p/BP_1249234,N/A,N/A
https://www.watsons.com.tr/superdrug-b-krem-kopuk-temizleyici-100-ml/p/BP_1380008,Superdrug B. Krem Köpük Temizleyici 100 ml,"39,95 ₺"
https://www.watsons.com.tr/max-factor-miracle-pure-goz-alti-kapatici-04-honey/p/BP_1447257,Max Factor Miracle Pure Göz Altı Kapatıcı 04 Honey,"1.249,90 ₺"
https://www.watsons.com.tr/flormar-nail-enamel-yogun-pigmentli-parlak-oje-no-400-bright-white/p/BP_128964,Flormar Nail Enamel Yoğun Pigmentli Parlak Oje No: 400 Bright White,"99,95 ₺"
https://www.watsons.com.tr/loreal-paris-elseve-glycolic-gloss-mukemmel-parlaklik-icin-puruzsuzlestirici-sac-kremi-150-ml/p/BP_1395737,L'Oreal Paris Elseve Glycolic Gloss Mükemmel Parlaklık için Pürüzsüzleştirici Saç Kremi 150 ml,"599,90 ₺"
https://www.watsons.com.tr/nivea-men-tiras-sonrasi-balsam-hassas-100-ml/p/BP_113907,Nivea Men Tıraş Sonrası Balsam Hassas 100 ml,"559,90 ₺"
https://www.watsons.com.tr/miine-bebek-banyo-sungeri-tavsan/p/BP_1434741,Miine Bebek Banyo Süngeri Tavşan,"39,95 ₺"
https://www.watsons.com.tr/antonio-banderas-the-icon-edt-100-ml/p/BP_1426992,N/A,N/A
https://www.watsons.com.tr/unfilter-beauty-oje-dragon-112/p/BP_1397935,Unfilter Beauty Oje Dragon 112,"79,95 ₺"
https://www.watsons.com.tr/skin401-kalendula-ozlu-yuz-temizleme-yagi-200-ml/p/BP_1380918,Skin401 Kalendula Özlü Yüz Temizleme Yağı 200 ml,"658,90 ₺"
https://www.watsons.com.tr/giorgio-armani-acqua-di-gio-erkek-parfum-set-edt-100-ml-dus-jeli-75-ml-deodorant-stick-75-g/p/BP_1481389,N/A,N/A
https://www.watsons.com.tr/maybelline-new-york-super-lock-brow-glue-kas-sabitleyici-maskara/p/BP_1397718,Maybelline New York Super Lock Brow Glue Kaş Sabitleyici Maskara,"1.299,90 ₺"
https://www.watsons.com.tr/dove-hair-therapy-serum-bakim-kremi-170-ml/p/BP_1328964,N/A,N/A
https://www.watsons.com.tr/le-petit-marseillais-seftali-ve-nektarili-dus-jeli-650-ml/p/BP_169382,Le Petit Marseillais Şeftali ve Nektarili Duş Jeli 650 ml,"515,90 ₺"
https://www.watsons.com.tr/stop-ever-termal-hot-pro-sicak-terapi-kusagi/p/BP_167544,Stop Ever Termal Hot Pro Sıcak Terapi Kuşağı,"119,90 ₺"
https://www.watsons.com.tr/pastel-day-long-lipcolor-likit-ruj-no-48/p/BP_1326388,Pastel Day Long Lipcolor Likit Ruj No: 48,"149,00 ₺"
https://www.watsons.com.tr/versace-bright-crystal-edt-kadin-parfum-90-ml/p/BP_139588,Versace Bright Crystal Edt Kadın Parfüm 90 ml,"6.699,90 ₺"
https://www.watsons.com.tr/deborah-24ore-perfect-mattifying-pudra-01/p/BP_1368087,Deborah 24Ore Perfect Mattifying Pudra 01,"914,90 ₺"
https://www.watsons.com.tr/listerine-stay-white-agiz-suyu-250-ml/p/BP_139644,Listerine Stay White Ağız Suyu 250 ml,"214,90 ₺"
https://www.watsons.com.tr/arko-anti-irritation-tiras-jeli-200-ml/p/BP_172748,Arko Anti Irritation Tıraş Jeli 200 ml,"149,00 ₺"
https://www.watsons.com.tr/revolution-berry-icon-far-paleti-firca-seti/p/BP_1460508,N/A,N/A
https://www.watsons.com.tr/pantene-sampuan-temel-bakim-3u-1-arada-625-ml/p/BP_1449623,Pantene Şampuan Temel Bakım 3'ü 1 Arada 625 ml,"464,90 ₺"
https://www.watsons.com.tr/watsons-body-cool-vucut-spreyi-200-ml/p/BP_168995,Watsons Body Cool Vücut Spreyi 200 ml,"199,90 ₺"
https://www.watsons.com.tr/deborah-24ore-all-over-kapatici-waterproof-21-light/p/BP_1332975,Deborah 24Ore All Over Kapatıcı Waterproof 2.1 Light,"914,90 ₺"
https://www.watsons.com.tr/maruderm-spf-50-pembe-ton-esitleyici-gunes-kremi-50-ml/p/BP_1392097,Maruderm SPF+ 50 Pembe Ton Eşitleyici Güneş Kremi 50 ml,"799,90 ₺"
https://www.watsons.com.tr/i-heart-revolution-swirl-dudak-balmi-blueberry/p/BP_1444394,I Heart Revolution Swirl Dudak Balmı Blueberry,"749,90 ₺"
https://www.watsons.com.tr/neutrogena-deep-moisture-vucut-losyonu-hassas-kuru-400-ml/p/BP_113768,Neutrogena Deep Moisture Vücut Losyonu Hassas Kuru 400 ml,"539,90 ₺"
https://www.watsons.com.tr/bioxcin-sac-serum-collagen-biotin-100-ml/p/BP_1402086,Bioxcin Saç Serum Collagen Biotin 100 ml,"1.779,90 ₺"
https://www.watsons.com.tr/toni-guy-yipranmis-saclar-icin-yogun-onarici-sac-kremi-250-ml/p/BP_137890,Toni&amp;Guy Yıpranmış Saçlar için Yoğun Onarıcı Saç Kremi 250 ml,"799,90 ₺"
https://www.watsons.com.tr/matsu-turkish-delight-sac-parfumu-50-ml/p/BP_1485393,Matsu Turkish Delight Saç Parfümü 50 ml,"899,90 ₺"
https://www.watsons.com.tr/youpick-havlu-toka-desenli-5li/p/BP_1413909,Youpick Havlu Toka Desenli 5'li,"64,95 ₺"
https://www.watsons.com.tr/la-colors-pout-shiny-dudak-parlaticisi-pucker-up/p/BP_1266230,N/A,N/A
https://www.watsons.com.tr/colgate-optic-white-agiz-bakim-suyu-500-ml/p/BP_137742,N/A,N/A
https://www.watsons.com.tr/pantene-sampuan-temel-bakim-400-ml/p/BP_1429470,N/A,N/A
https://www.watsons.com.tr/pastel-oje-no-318/p/BP_1273125,Pastel Oje No: 318,"119,90 ₺"
https://www.watsons.com.tr/ashley-joy-feminine-aura-sac-parfumu-etkili-hacim-kuru-sampuan-200-ml/p/BP_1434167,Ashley Joy Feminine Aura Saç Parfümü Etkili Hacim Kuru Şampuan 200 ml,"449,90 ₺"
https://www.watsons.com.tr/she-vec-glyc-alright-gozenek-sikilastirici-tonik-200-ml/p/BP_1354682,She Vec Glyc Alright Gözenek Sıkılaştırıcı Tonik 200 ml,"669,90 ₺"
https://www.watsons.com.tr/garnier-carpici-renkler-sac-boyasi-yogun-kahve-no-4-0/p/BP_135085,"Garnier Çarpıcı Renkler Saç Boyası Yoğun Kahve No: 4,0","239,90 ₺"
https://www.watsons.com.tr/maybelline-new-york-super-stay-lumi-matte-fondoten-no-108/p/BP_1437030,Maybelline New York Super Stay Lumi Matte Fondöten No: 108,"1.649,90 ₺"
https://www.watsons.com.tr/carmex-stick-dudak-balmi-klasik-spf15-425-g/p/BP_1358182,Carmex Stick Dudak Balmı Klasik Spf15 4.25 g,"499,90 ₺"
https://www.watsons.com.tr/morfose-ultra-strong-sac-spreyi-75-ml/p/BP_1376172,Morfose Ultra Strong Saç Spreyi 75 ml,"144,90 ₺"
https://www.watsons.com.tr/celenes-hyaluronic-acid-ferment-active-gojiberry-serum-30-ml/p/BP_1328306,Celenes Hyaluronic Acid + Ferment Active Gojiberry Serum 30 ml,"149,00 ₺"
https://www.watsons.com.tr/deborah-super-vinyl-shake-ruj-01-nude-rose/p/BP_1394547,Deborah Super Vinyl Shake Ruj 01 Nude Rose,"1.049,90 ₺"
https://www.watsons.com.tr/pastel-daylong-lipcolor-kissproof-likit-mat-ruj-29/p/BP_152894,Pastel Daylong Lipcolor Kissproof Likit Mat Ruj 29,"799,90 ₺"
https://www.watsons.com.tr/golden-rose-keratin-oje-no-16/p/BP_1287587,Golden Rose Keratin Oje No: 16,"99,95 ₺"
https://www.watsons.com.tr/sinoz-cica-onarici-bakim-kremi-50-ml/p/BP_1376340,Sinoz&nbsp;Cica Onarıcı Bakım Kremi 50 ml,"759,90 ₺"
https://www.watsons.com.tr/loreal-paris-excellence-kumral-kullu-sac-boyasi-71/p/BP_113976,L'Oreal Paris Excellence Kumral Küllü Saç Boyası 7.1,"556,90 ₺"
https://www.watsons.com.tr/pantene-sampuan-pro-v-miracle-hydra-325-ml/p/BP_1416065,Pantene Şampuan Pro-V Miracle Hydra 325 ml,"149,00 ₺"
https://www.watsons.com.tr/lionesse-cantali-manikur-seti/p/BP_1406538,Lionesse Çantalı Manikür Seti,"79,95 ₺"
https://www.watsons.com.tr/haruharu-black-rice-aha-temizleyici-jel-100-ml/p/BP_1435707,Haruharu Black Rice Aha Temizleyici Jel 100 ml,"1.499,90 ₺"
https://www.watsons.com.tr/pastel-oje-no-47/p/BP_141659,Pastel Oje No: 47,"119,90 ₺"
https://www.watsons.com.tr/skin401-pirinc-ozu-yuz-temizleme-jeli-200-ml/p/BP_1432284,Skin401 Pirinç Özü Yüz Temizleme Jeli 200 ml,"582,90 ₺"
https://www.watsons.com.tr/golden-rose-lip-barrier-transparent-dudak-kalemi/p/BP_1433698,Golden Rose Lip Barrier Transparent Dudak Kalemi,"214,90 ₺"
https://www.watsons.com.tr/orkid-platinum-dortlu-hijyenik-ped-uzun-18li/p/BP_1478281,Orkid Platinum Dörtlü Hijyenik Ped Uzun 18'li,"378,90 ₺"
https://www.watsons.com.tr/watsons-3lu-pudra-pufu-seti/p/BP_1404655,Watsons 3'lü Pudra Pufu Seti,"119,90 ₺"
https://www.watsons.com.tr/maybelline-new-york-lash-sensational-yelpaze-etkili-maskara-siyah/p/BP_150174,Maybelline New York Lash Sensational Yelpaze Etkili Maskara Siyah,"1.349,90 ₺"
https://www.watsons.com.tr/garnier-micellar-kusursuz-makyaj-temizleme-suyu-400-ml/p/BP_141281,Garnier Micellar Kusursuz Makyaj Temizleme Suyu 400 ml,"429,90 ₺"
https://www.watsons.com.tr/maybelline-new-york-serum-etkili-hyaluronik-asit-ve-besleyici-yag-iceren-ruj-satin-its-intense-104/p/BP_1480248,Maybelline New York Serum Etkili Hyaluronik Asit ve Besleyici Yağ İçeren Ruj Satin It's Intense 104,"1.049,90 ₺"
https://www.watsons.com.tr/wella-koleston-kit-sac-boyasi-kullu-kumral-7-1/p/BP_123649,Wella Koleston Kit Saç Boyası Küllü Kumral 7/1,"549,90 ₺"
https://www.watsons.com.tr/golden-rose-keratin-glitter-oje-no-402/p/BP_1365245,Golden Rose Keratin Glitter Oje No: 402,"99,95 ₺"
https://www.watsons.com.tr/kalyon-tirnak-besleyici/p/BP_119450,Kalyon Tırnak Besleyici,"264,90 ₺"
https://www.watsons.com.tr/biomagic-sac-boyasi-yogun-cikolata-kahve-no-5507/p/BP_151689,Biomagic Saç Boyası Yoğun Çikolata Kahve No: 55.07,"699,90 ₺"
https://www.watsons.com.tr/nyx-professional-makeup-jelly-job-dudak-parlaticisi-jelly-jammin/p/BP_1483601,Nyx Professional Makeup Jelly Job Dudak Parlatıcısı Jelly Jammin,"949,90 ₺"
https://www.watsons.com.tr/watsons-el-sabunu-lavanta-papatya-500-ml/p/BP_1290716,Watsons El Sabunu Lavanta &amp; Papatya 500 ml,"109,90 ₺"
https://www.watsons.com.tr/ashley-joy-hacim-veren-sampuan-400-ml-sac-kremi-250-ml-seti/p/BP_1351441,N/A,N/A
https://www.watsons.com.tr/show-by-pastel-dudak-kalemi-no-202/p/BP_133162,Show By Pastel Dudak Kalemi No: 202,"59,95 ₺"
https://www.watsons.com.tr/rebul-magnolia-kolonyasi-edc-250-ml/p/BP_1424955,Rebul Magnolia Kolonyası EDC 250 ml,"327,90 ₺"
https://www.watsons.com.tr/watsons-islak-mendil-yasemin-3x10-adet/p/BP_1312969,Watsons Islak Mendil Yasemin&nbsp; 3x10 Adet,"79,95 ₺"
https://www.watsons.com.tr/golden-rose-dream-dudak-kalemi-no-532/p/BP_1238237,Golden Rose Dream Dudak Kalemi No: 532,"179,90 ₺"
https://www.watsons.com.tr/maybelline-new-york-super-stay-teddy-tint-uzun-sure-kalici-likit-mat-tint-15-skinny-deep/p/BP_1425025,Maybelline New York Super Stay Teddy Tint Uzun Süre Kalıcı Likit Mat Tint 15 Skinny Deep,"1.399,90 ₺"
https://www.watsons.com.tr/maybelline-new-york-super-stay-mat-ink-pink-edition-likit-mat-ruj-no-180-revolutionary/p/BP_173058,Maybelline New York Super Stay Mat Ink Pink Edition Likit Mat Ruj No: 180 Revolutionary,"1.449,90 ₺"
https://www.watsons.com.tr/collagen-by-watsons-moisturising-goz-roll-on-15-ml/p/BP_1373337,Collagen By Watsons Moisturising Göz Roll On 15 ml,"749,90 ₺"
https://www.watsons.com.tr/miine-juicy-makyaj-sungeri/p/BP_1410381,Miine Juicy Makyaj Süngeri,"299,90 ₺"
https://www.watsons.com.tr/revolution-the-icon-vibrant-brights-far-paleti/p/BP_1461348,Revolution The Icon Vibrant Brights Far Paleti,"1.809,90 ₺"
https://www.watsons.com.tr/arko-men-tiras-kolonyasi-gold-power-255-ml/p/BP_1381758,N/A,N/A
https://www.watsons.com.tr/nyx-professional-makeup-bare-with-me-kapatici-serum-05-golden/p/BP_1319584,Nyx Professional Makeup Bare With Me Kapatıcı Serum 05 Golden,"1.259,90 ₺"
https://www.watsons.com.tr/agiss-sir-agda-bantlari-ekonomik-paket-55-adet/p/BP_1413951,Agiss Sir Ağda Bantlari Ekonomik Paket 55 Adet,"199,90 ₺"
https://www.watsons.com.tr/martinelia-bfriends-hayvan-figurlu-su-bazli-oje-turuncu/p/BP_1441461,N/A,N/A
https://www.watsons.com.tr/creme-supreme-sac-boyasi-kullu-soguk-kumral-7-16/p/BP_1445570,Creme Supreme Saç Boyası Küllü Soğuk Kumral 7-16,"749,90 ₺"
https://www.watsons.com.tr/kelebek-harem-kalin-dogal-sirt-kesesi/p/BP_129779,Kelebek Harem Kalın Doğal Sırt Kesesi,"329,90 ₺"
https://www.watsons.com.tr/uni-baby-kolonya-tatli-esintiler-150-ml/p/BP_1434342,Uni Baby Kolonya Tatlı Esintiler 150 ml,"172,90 ₺"
https://www.watsons.com.tr/slipstop-21-23-numara-erkek-cocuk-kaydirmaz-ayakkabi-mars/p/BP_1351112,Slipstop 21-23 Numara Erkek Çocuk Kaydırmaz Ayakkabı Mars,"59,95 ₺"
https://www.watsons.com.tr/avon-glimmerstick-asansorlu-goz-kalemi-cosmic-brown/p/BP_1428224,Avon Glimmerstick Asansörlü Göz Kalemi Cosmic Brown,"299,90 ₺"
https://www.watsons.com.tr/kalyon-cila-sararmayi-onleyici/p/BP_134366,Kalyon Cila Sararmayı Önleyici,"264,90 ₺"
https://www.watsons.com.tr/nyx-professional-makeup-epic-ink-liner-glitz-eyeliner-shimmer-stitch/p/BP_1430205,Nyx Professional Makeup Epic Ink Liner Glitz Eyeliner Shimmer Stitch,"999,90 ₺"
https://www.watsons.com.tr/golden-rose-city-color-oje-no-147/p/BP_1444905,Golden Rose City Color Oje No: 147,"89,95 ₺"
https://www.watsons.com.tr/flormar-baked-powder-mat-bitisli-firinlanmis-pudra-no-030/p/BP_1351210,Flormar Baked Powder Mat Bitişli Fırınlanmış Pudra No: 030,"1.249,90 ₺"
https://www.watsons.com.tr/snp-skin-return-soothing-essence-maske/p/BP_1424563,SNP Skin Return Soothing Essence Maske,"159,90 ₺"
https://www.watsons.com.tr/loreal-paris-big-deal-paradise-siyah-maskara/p/BP_1424983,L'Oreal Paris Big Deal Paradise Siyah Maskara,"1.699,90 ₺"
https://www.watsons.com.tr/cosmed-renkli-gunes-koruyucu-krem-spf50-30-ml/p/BP_1319164,N/A,N/A
https://www.watsons.com.tr/bilge-ozturk-renkli-gunes-koruyucu-stick-seffaf-spf50-25-g/p/BP_1355900,Bilge Öztürk Renkli Güneş Koruyucu Stick Şeffaf Spf50 25 gr,"149,00 ₺"
https://www.watsons.com.tr/max-factor-facefinity-3in1-fondoten-no-32-light-beige/p/BP_170524,Max Factor Facefinity 3in1 Fondöten No: 32 Light Beige,"1.059,90 ₺"
https://www.watsons.com.tr/show-by-pastel-show-your-happiness-blush-allik-204-polite/p/BP_1250529,Show By Pastel Show Your Happiness Blush Allık 204 Polite,"425,90 ₺"
https://www.watsons.com.tr/elidor-sivi-sac-bakim-sutu-brezilya-keratin-terapisi-seyahat-boy-90-ml/p/BP_1455986,N/A,N/A
https://www.watsons.com.tr/listerine-cool-zero-agiz-suyu-500-ml/p/BP_135838,Listerine Cool Zero Ağız Suyu 500 ml,"321,90 ₺"
https://www.watsons.com.tr/wellaflex-2days-volume-kopuk-extra-guclu-200-ml/p/BP_1443995,Wellaflex 2Days Volume Köpük Extra Güçlü 200 ml,"304,90 ₺"
https://www.watsons.com.tr/lovely-curling-pump-up-maskara-blue/p/BP_1255016,Lovely Curling Pump Up Maskara Blue,"449,90 ₺"
https://www.watsons.com.tr/revolution-superbase-colour-corrector-green-primer/p/BP_1358112,Revolution Superbase Colour Corrector Green Primer,"1.124,90 ₺"
https://www.watsons.com.tr/johnsons-bebek-yagi-aloe-vera-500-ml/p/BP_1301244,N/A,N/A
https://www.watsons.com.tr/acqua-perfection-derma-pure-arindirici-ve-gozenek-sikilastirici-siyah-nokta-akne-soyulabilir-yuz-maskesi-70-ml/p/BP_1463063,Acqua Perfection Derma Pure Arındırıcı ve Gözenek Sıkılaştırıcı  Siyah Nokta Akne Soyulabilir Yüz Maskesi 70 ml,"1.599,90 ₺"
https://www.watsons.com.tr/watsons-egimli-kontur-fircasi/p/BP_1404613,Watsons Eğimli Kontür Fırçası,"249,90 ₺"
https://www.watsons.com.tr/lovely-goz-kalemi-siyah/p/BP_1267189,Lovely Göz Kalemi Siyah,"199,90 ₺"
https://www.watsons.com.tr/revolution-superdewy-likit-allik-watermelon-pop/p/BP_1460718,Revolution Superdewy Likit Allık Watermelon Pop,"1.064,90 ₺"
https://www.watsons.com.tr/puren-soft-cotton-ultra-ince-gunluk-ped-kokusuz-40li/p/BP_1419670,Pure'n Soft Cotton Ultra İnce Günlük Ped Kokusuz 40'lı,"169,90 ₺"
https://www.watsons.com.tr/clarion-unisex-gunes-gozlugu-6/p/BP_1453893,Clarion Unisex Güneş Gözlüğü 6,"399,90 ₺"
https://www.watsons.com.tr/luis-bien-dolgunlastirici-kahverengi-sac-spreyi/p/BP_160824,N/A,N/A
https://www.watsons.com.tr/deborah-2in1-gel-kajal-eyeliner-no-05/p/BP_147720,Deborah 2in1 Gel Kajal &amp; Eyeliner No: 05,"689,90 ₺"
https://www.watsons.com.tr/maybelline-new-york-tattoo-liner-ink-pen-black/p/BP_1345813,N/A,N/A
https://www.watsons.com.tr/maruderm-gozenek-sikilastirici-akne-karsiti-bha-tonik-250-ml/p/BP_1368710,Maruderm Gözenek Sıkılaştırıcı Akne Karşıtı BHA Tonik 250 ml,"649,90 ₺"
https://www.watsons.com.tr/slipstop-aquatic-kaydirmaz-ayakkabi-erkek-cocuk-24-26/p/BP_1439858,Slipstop Aquatic Kaydırmaz Ayakkabı Erkek Çocuk 24-26,"79,95 ₺"
https://www.watsons.com.tr/slipstop-gru-kaydirmaz-ayakkabi-erkek-cocuk-27-29/p/BP_1439977,N/A,N/A
https://www.watsons.com.tr/maybelline-new-york-hyper-precise-all-day-eyeliner-720-parrot/p/BP_1386378,N/A,N/A
https://www.watsons.com.tr/kotex-natural-super-tampon-16-adet/p/BP_1359414,Kotex Natural Super Tampon 16 Adet,"279,90 ₺"
https://www.watsons.com.tr/miine-toka-seti-cocuk-6li/p/BP_1441041,N/A,N/A
https://www.watsons.com.tr/listerine-6-etki-1-arada-zero-agiz-suyu-500-ml/p/BP_142062,N/A,N/A
https://www.watsons.com.tr/palette-deluxe-sac-boyasi-dogal-sari-9-5/p/BP_1445619,Palette Deluxe Saç Boyası Doğal Sarı 9-5,"449,90 ₺"
https://www.watsons.com.tr/essence-eye-sparkle-likit-goz-kalemi-01/p/BP_1446585,N/A,N/A
https://www.watsons.com.tr/loreal-paris-true-match-fondoten-1r1c1k-ivory-rose/p/BP_105650,L'Oreal Paris True Match Fondöten 1R1C1K Ivory Rose,"1.699,90 ₺"
https://www.watsons.com.tr/slipstop-21-23-numara-kiz-cocuk-kaydirmaz-ayakkabi/p/BP_174618,N/A,N/A
https://www.watsons.com.tr/show-by-pastel-lip-liner-dudak-kalemi-213/p/BP_165649,N/A,N/A
https://www.watsons.com.tr/nyx-professional-makeup-jelly-job-dudak-parlaticisi-jelly-blushin/p/BP_1483587,Nyx Professional Makeup Jelly Job Dudak Parlatıcısı Jelly Blushin,"949,90 ₺"
https://www.watsons.com.tr/nyx-professional-makeup-butter-dudak-parlaticisi-gloss-praline/p/BP_156126,Nyx Professional Makeup Butter Dudak Parlatıcısı Gloss Praline,"749,90 ₺"
https://www.watsons.com.tr/urban-care-kind-rituals-sampuan-kinoa-almond-400-ml/p/BP_1422960,N/A,N/A
https://www.watsons.com.tr/superdrug-fruity-pamuk-seker-ayak-maskesi-1-adet/p/BP_1476713,N/A,N/A
https://www.watsons.com.tr/white-glo-sari-leke-karsiti-mor-dis-macunu/p/BP_1463168,N/A,N/A
https://www.watsons.com.tr/oral-b-3-boyutlu-beyazlik-sarjli-dis-fircasi-yedek-basligi-4lu/p/BP_1368416,N/A,N/A
https://www.watsons.com.tr/pure-beauty-niacin-gluta-brighten-up-maske-20-ml/p/BP_1431731,Pure Beauty Niacin-Gluta Brighten Up Maske 20 ml,"189,90 ₺"
https://www.watsons.com.tr/golden-rose-roll-on-lipgloss-banana/p/BP_1292081,N/A,N/A
https://www.watsons.com.tr/pastel-oje-no-99/p/BP_116826,N/A,N/A
https://www.watsons.com.tr/golden-rose-perfect-lashes-multi-vitamin-maskara/p/BP_1324421,Golden Rose Perfect Lashes Multi Vitamin Maskara,"469,90 ₺"
https://www.watsons.com.tr/ashley-joy-sac-maskesi-yenileyici-30-ml/p/BP_1279327,N/A,N/A
https://www.watsons.com.tr/skin401-bha-arindirici-siyah-nokta-karsiti-yuz-temizleme-jeli-200-ml/p/BP_1371965,N/A,N/A
https://www.watsons.com.tr/loreal-paris-panorama-hacim-veren-maskara-all-night-black-siyah/p/BP_1425389,L’Oreal Paris Panorama Hacim Veren Maskara All Night Black Siyah,"1.799,90 ₺"
https://www.watsons.com.tr/miine-sevgililer-gunu-detangle-sac-fircasi/p/BP_1460473,Miine Sevgililer Günü Detangle Saç Fırçası,"269,90 ₺"
https://www.watsons.com.tr/ashley-joy-guclendirici-sampuan-400-ml-bakim-yagi-100-ml-seti/p/BP_1351434,N/A,N/A
https://www.watsons.com.tr/duru-fresh-sensations-okyanus-dus-jeli-450-ml/p/BP_1326773,Duru Fresh Sensations Okyanus Duş Jeli 450 ml,"265,90 ₺"
https://www.watsons.com.tr/superdrug-studio-takma-tirnak-lila-24lu/p/BP_1435469,N/A,N/A
https://www.watsons.com.tr/watsons-kremli-dus-jeli-vanilya-1-lt/p/BP_1394330,Watsons Kremli Duş Jeli Vanilya 1 lt,"219,90 ₺"
https://www.watsons.com.tr/pastel-crush-blush-allik-306/p/BP_163455,Pastel Crush Blush Allık 306,"599,90 ₺"
https://www.watsons.com.tr/gillette-venus-comfortglide-sugarberry-tiras-makinesi-1-yedek-bicak/p/BP_1401694,Gillette Venus Comfortglide Sugarberry Tıraş Makinesi + 1 Yedek Bıçak,"1.037,90 ₺"
https://www.watsons.com.tr/pastel-duo-blush-set-cheek-to-cheek-ikili-allik-seti-20-warm-honey/p/BP_1305059,N/A,N/A
https://www.watsons.com.tr/duru-body-scrub-dus-jeli-gold-450-ml/p/BP_1402226,Duru Body Scrub Duş Jeli Gold 450 ml,"349,90 ₺"
https://www.watsons.com.tr/frudia-my-orchard-temizleme-kopugu-mango-/p/BP_1376312,Frudia My Orchard Temizleme Köpüğü Mango&nbsp;,"289,90 ₺"
https://www.watsons.com.tr/clarion-unisex-gunes-gozlugu-28/p/BP_1454047,N/A,N/A
https://www.watsons.com.tr/ashley-joy-banana-sac-bakim-maskesi-200-ml/p/BP_1359533,N/A,N/A
https://www.watsons.com.tr/pastel-plump-up-extra-hydrating-plumping-gloss-dolgunlastiran-dudak-parlaticisi-205-just-natural/p/BP_1383543,Pastel Plump Up Extra Hydrating Plumping Gloss Dolgunlaştıran Dudak Parlatıcısı 205 Just Natural,"749,90 ₺"
https://www.watsons.com.tr/wella-koleston-intense-sac-boyasi-6-0-koyu-kumral/p/BP_1355060,N/A,N/A
https://www.watsons.com.tr/lovely-spring-bonjour-kalemi-no-02/p/BP_1442336,Lovely Spring Bonjour Kalemi No: 02,"229,90 ₺"
https://www.watsons.com.tr/vitago-multivitamin-multimineral-koenzim-q-10-iceren-tablet-takviye-edici-gida-60li/p/BP_1369235,N/A,N/A
https://www.watsons.com.tr/dermafactory-59-husagaci-onarci-bariyer-krem-50-ml/p/BP_1434111,N/A,"749,90 ₺"
https://www.watsons.com.tr/slipstop-batwing-kaydirmaz-ayakkabi-erkek-40-41/p/BP_1440159,N/A,N/A
https://www.watsons.com.tr/deborah-24ore-dudak-kalemi-no-3-brick/p/BP_141563,N/A,N/A
https://www.watsons.com.tr/nyx-professional-makeup-micro-brow-kalem-espresso/p/BP_155883,N/A,N/A
https://www.watsons.com.tr/privacy-kadin-parfum-edt-100-ml/p/BP_114725,N/A,N/A
https://www.watsons.com.tr/martinelia-unicorn-dudak-parlaticisi-marshmellow/p/BP_1441433,N/A,N/A
https://www.watsons.com.tr/lador-hidrolize-kolajen-kuru-hassas-sac-kremi-150-ml/p/BP_1434132,N/A,N/A
https://www.watsons.com.tr/maybelline-new-york-tattoo-brow-36h-styling-gel-250-blonde/p/BP_1345820,Maybelline New York Tattoo Brow 36H Styling Gel 250 Blonde,"149,00 ₺"
https://www.watsons.com.tr/flormar-smoky-eyes-sunger-uclu-bugulu-makyaj-goz-kalemi-karbon-siyah/p/BP_134988,Flormar Smoky Eyes Sünger Uçlu Buğulu Makyaj Göz Kalemi Karbon Siyah,"649,90 ₺"
https://www.watsons.com.tr/ashley-joy-sac-bakim-yagi-100-ml/p/BP_152795,Ashley Joy Saç Bakım Yağı 100 ml,"1.149,90 ₺"
https://www.watsons.com.tr/pastel-plump-up-extra-hydrating-plumping-gloss-dolgunlastiran-dudak-parlaticisi-204-spicy-sweet/p/BP_1341445,N/A,N/A
https://www.watsons.com.tr/essence-lash-princess-volume-maskara/p/BP_1303148,N/A,N/A
https://www.watsons.com.tr/pastel-oje-no-230/p/BP_150019,N/A,N/A
https://www.watsons.com.tr/lovely-fix-it-up-kas-maskarasi-no-2/p/BP_1255177,Lovely Fix It Up Kaş Maskarası No: 2,"487,90 ₺"
https://www.watsons.com.tr/golden-rose-my-mat-lip-ink-likit-ruj-no-06/p/BP_171088,Golden Rose My Mat Lip Ink Likit Ruj No: 06,"149,00 ₺"
https://www.watsons.com.tr/frudia-blueberry-nemlendirici-tonik-195-ml/p/BP_163961,Frudia Blueberry Nemlendirici Tonik 195 ml,"1.189,90 ₺"
https://www.watsons.com.tr/palette-deluxe-sac-boyasi-6-0-koyu-kumral/p/BP_114248,N/A,N/A
https://www.watsons.com.tr/pantene-sac-bakim-kuru-bond-repair-miracles-150-ml/p/BP_1416093,N/A,N/A
https://www.watsons.com.tr/max-factor-2000-calorie-lip-glaze-150-caramel/p/BP_1409338,N/A,N/A
https://www.watsons.com.tr/wella-koleston-intense-sac-boyasi-7-3-findik-kabugu/p/BP_1355025,Wella Koleston Intense Saç Boyası 7/3 Fındık Kabuğu,"249,90 ₺"
https://www.watsons.com.tr/palette-kalici-dogal-renkler-sac-boyasi-1-1-gece-mavisi/p/BP_129505,Palette Kalıcı Doğal Renkler Saç Boyası 1-1 Gece Mavisi,"228,90 ₺"
https://www.watsons.com.tr/miine-renkli-makyaj-sungeri-saklama-kabi/p/BP_1455895,N/A,N/A
https://www.watsons.com.tr/loreal-paris-true-match-fondoten-3d3w-bej-dore/p/BP_105656,L'Oreal Paris True Match Fondöten 3D3W Bej Dore,"1.699,90 ₺"
https://www.watsons.com.tr/youpick-havlu-toka-siyah-6li/p/BP_1413895,N/A,N/A
https://www.watsons.com.tr/duaderm-lipozom-gunduz-kremi-50-ml/p/BP_1393266,Duaderm Lipozom Gündüz Kremi 50 ml,"1.414,90 ₺"
https://www.watsons.com.tr/uni-baby-sampuan-900-ml/p/BP_169248,N/A,N/A
https://www.watsons.com.tr/nyx-professional-makeup-duck-plump-dolgun-gorunum-veren-dudak-parlaticisi-07-mocha-me-crazy/p/BP_1385748,Nyx Professional Makeup Duck Plump Dolgun Görünüm Veren Dudak Parlatıcısı 07 Mocha Me Crazy,"1.169,90 ₺"
https://www.watsons.com.tr/unfilter-beauty-oje-pembe-no-11/p/BP_1338827,Unfilter Beauty Oje&nbsp;Pembe&nbsp;No: 11,"79,95 ₺"
https://www.watsons.com.tr/pastellab-mini-must-have-5li-set/p/BP_1445430,N/A,N/A
https://www.watsons.com.tr/show-by-pastel-show-your-happiness-blush-allik-208-cool/p/BP_1250557,N/A,N/A
https://www.watsons.com.tr/nyx-professional-makeup-holiday-25-buttermelt-yuz-paleti-light-medium/p/BP_1480815,N/A,N/A
https://www.watsons.com.tr/carmex-orijinal-dudak-balmi-10-gr/p/BP_1311765,Carmex Orijinal Dudak Balmı 10 gr,"499,90 ₺"
https://www.watsons.com.tr/max-factor-miracle-pure-krem-allik-01-rose/p/BP_1409401,N/A,N/A
https://www.watsons.com.tr/head-shoulders-sampuan-clinical-dry-scalp-400-ml/p/BP_1481648,Head&amp;Shoulders Şampuan Clinical Dry Scalp 400 ml,"2.499,90 ₺"
https://www.watsons.com.tr/unfilter-beauty-oje-kahve-no-52/p/BP_1338946,Unfilter Beauty Oje Kahve No: 52,"79,95 ₺"
https://www.watsons.com.tr/loreal-paris-true-match-bakim-yapan-fondoten-2r-rose-vanilla/p/BP_105655,N/A,N/A
https://www.watsons.com.tr/rebul-garden-spring-kadin-parfum-edt-50-ml/p/BP_168436,N/A,N/A
https://www.watsons.com.tr/nivea-men-erkekler-icin-krem-75-ml/p/BP_147842,Nivea Men Erkekler İçin Krem 75 ml,"304,90 ₺"
https://www.watsons.com.tr/max-factor-facefinity-all-day-flawless-kapatici-no-10/p/BP_174149,N/A,N/A
https://www.watsons.com.tr/emotion-romance-kadin-deodorant-150-ml/p/BP_114712,Emotion Romance Kadın Deodorant 150 ml,"279,90 ₺"
https://www.watsons.com.tr/rimmel-london-thrill-seeker-likit-ruj-so-peachy/p/BP_1447208,N/A,N/A
https://www.watsons.com.tr/revolution-clear-canvas-arindirici-serum-30-ml/p/BP_1433194,Revolution Clear Canvas Arındırıcı Serum 30  ml,"749,90 ₺"
https://www.watsons.com.tr/dicora-urban-fit-dus-jeli-e-vitamini-mango-avokado-400-ml/p/BP_160345,N/A,N/A
https://www.watsons.com.tr/golden-rose-emily-dudak-kalemi-no-224/p/BP_1238272,N/A,N/A
https://www.watsons.com.tr/note-glimmer-gloss-20-sugar-baby-isiltili-nemlendirici-dudak-parlaticisi/p/BP_1464904,N/A,N/A
https://www.watsons.com.tr/pastel-oje-no-66/p/BP_116883,N/A,N/A
https://www.watsons.com.tr/matsu-intensive-repair-yipranmis-saclar-sampuan-350-ml/p/BP_1400287,N/A,N/A
https://www.watsons.com.tr/pastel-moonlight-highlighter-aydinlatici-100/p/BP_147846,N/A,N/A
https://www.watsons.com.tr/elidor-sampuan-ve-sac-bakim-kremi-kepege-karsi-etkili-400-ml/p/BP_1314383,Elidor Şampuan ve Saç Bakım Kremi Kepeğe Karşı Etkili 400 ml,"329,90 ₺"
https://www.watsons.com.tr/ziaja-dogal-zeytinyagi-yuz-temizleme-jeli-200-ml/p/BP_158264,N/A,N/A
https://www.watsons.com.tr/flormar-quick-dry-cabuk-kuruyan-parlak-oje-no-21-blackstar/p/BP_1394869,N/A,N/A
https://www.watsons.com.tr/pastel-oje-no-80/p/BP_116837,N/A,N/A
https://www.watsons.com.tr/maybelline-new-york-tattoo-brow-gel-tint-dark-brown/p/BP_155458,N/A,N/A
https://www.watsons.com.tr/note-detox-protect-fondoten-no-03-medium-beige/p/BP_144122,Note Detox Protect Fondöten No: 03 Medium Beige,"799,90 ₺"
https://www.watsons.com.tr/essence-all-eyes-on-me-maskara-soft-black/p/BP_162805,N/A,N/A
https://www.watsons.com.tr/flormar-nail-enamel-yogun-pigmentli-parlak-oje-no-538/p/BP_1378125,Flormar Nail Enamel Yoğun Pigmentli Parlak Oje No: 538,"99,95 ₺"
https://www.watsons.com.tr/elseve-sampuan-komple-direnc-dokulme-karsiti-300-ml/p/BP_1432333,Elseve Şampuan Komple Direnç Dökülme Karşıtı 300 ml,"279,90 ₺"
https://www.watsons.com.tr/angie-fresh-apple-vucut-spreyi-250-ml/p/BP_1392370,N/A,N/A
https://www.watsons.com.tr/watsons-agda-bezi-rulo-10-m/p/BP_174153,N/A,N/A
https://www.watsons.com.tr/youpick-renkli-incili-havlu-toka-5li/p/BP_1377873,Youpick Renkli İncili Havlu Toka 5'li,"89,95 ₺"
https://www.watsons.com.tr/flormar-nail-enamel-yogun-pigmentli-parlak-oje-no-352-blackstar-red/p/BP_116430,Flormar Nail Enamel Yoğun Pigmentli Parlak Oje No: 352 Blackstar Red,"99,95 ₺"
https://www.watsons.com.tr/i-heart-revolution-bubble-tea-mini-far-paleti/p/BP_1444541,N/A,N/A
https://www.watsons.com.tr/miine-makyaj-cantasi-buyuk-kapitone-pembe-cicekli/p/BP_1461292,Miine Makyaj Çantası Büyük Kapitone Pembe Çiçekli,"399,90 ₺"
https://www.watsons.com.tr/pure-beauty-cc-krem-spf50-pa-ivory-30-ml/p/BP_1250949,Pure Beauty CC Krem Spf50 Pa+++ Ivory 30 ml,"149,00 ₺"
https://www.watsons.com.tr/arifoglu-biberiye-suyu-125-ml/p/BP_1392188,N/A,N/A
https://www.watsons.com.tr/i-heart-revolution-pop-gloss-balm-watermelon-pink/p/BP_1444408,N/A,N/A
https://www.watsons.com.tr/la-fae-lip-peptide-gloss-cherry-swirl/p/BP_1459409,N/A,N/A
https://www.watsons.com.tr/skin-sensual-deep-soothing-temizleme-yagi-200-ml/p/BP_1463035,Skin Sensual Deep &amp; Soothing Temizleme Yağı 200 ml,"699,90 ₺"
https://www.watsons.com.tr/rexona-women-deodorant-roll-on-sexy-bouquet-50-ml/p/BP_1449805,Rexona Women Deodorant Roll On Sexy Bouquet 50 ml,"299,90 ₺"
https://www.watsons.com.tr/watsons-organik-kulak-cubugu-60-adet/p/BP_1323742,N/A,N/A
https://www.watsons.com.tr/naturals-by-watsons-tea-tree-sampuan-490-ml/p/BP_1422540,N/A,N/A
https://www.watsons.com.tr/watsons-akne-bandi-karma-24-adet/p/BP_1425487,Watsons Akne Bandı Karma 24 Adet,"249,90 ₺"
https://www.watsons.com.tr/i-heart-revolution-swirl-dudak-balmi-cookies-cream/p/BP_1444380,N/A,N/A
https://www.watsons.com.tr/max-factor-elixir-dudak-kalemi-no-75-rich-wine/p/BP_1409198,N/A,N/A
https://www.watsons.com.tr/deborah-milano-24-ore-otomatik-dudak-kalemi-03/p/BP_1455384,Deborah Milano 24 Ore Otomatik Dudak Kalemi 03,"549,90 ₺"
https://www.watsons.com.tr/elidor-sampuan-collagen-blends-onarici-350-ml/p/BP_1326689,Elidor Şampuan Collagen Blends Onarıcı 350 ml,"79,95 ₺"
https://www.watsons.com.tr/i-heart-revolution-milkshake-dudak-parlaticisi-gloss/p/BP_1444352,N/A,N/A
https://www.watsons.com.tr/revolution-sport-fix-makyaj-sabitleyici-sprey/p/BP_160365,Revolution Sport Fix Makyaj Sabitleyici Sprey,"1.064,90 ₺"
https://www.watsons.com.tr/elseve-sampuan-komple-onarici-yapilandirici-300-ml/p/BP_1432340,Elseve Şampuan Komple Onarıcı Yapılandırıcı 300 ml,"279,90 ₺"
https://www.watsons.com.tr/essence-tirnak-beyazlatici/p/BP_1352211,N/A,N/A
https://www.watsons.com.tr/nascita-blue-dreams-yuvarlak-kapatici-fircasi/p/BP_1381296,N/A,N/A
https://www.watsons.com.tr/unfilter-beauty-yilbasi-oje-seti-no-01-64-67-110-3lu/p/BP_1462860,N/A,N/A
https://www.watsons.com.tr/loreal-paris-excellence-kahve-sac-boyasi-4/p/BP_157967,L'Oreal Paris Excellence Kahve Saç Boyası 4,"556,90 ₺"
https://www.watsons.com.tr/biomagic-sac-boyasi-yogun-kullu-koyu-kumral-no-611/p/BP_166697,Biomagic Saç Boyası Yoğun Küllü Koyu Kumral No: 6.11,"699,90 ₺"
https://www.watsons.com.tr/breathe-right-seffaf-regular-size-burun-bandi-10-adet/p/BP_135290,Breathe Right Şeffaf Regular Size Burun Bandı 10 Adet,"189,90 ₺"
https://www.watsons.com.tr/nyx-professional-makeup-on-the-rise-volume-liftscara-maskara/p/BP_170186,Nyx Professional Makeup On The Rise Volume Liftscara Maskara,"1.399,90 ₺"
https://www.watsons.com.tr/slipstop-justice-kaydirmaz-ayakkabi-erkek-cocuk-21-23/p/BP_1440040,Slipstop Justice Kaydırmaz Ayakkabı Erkek Çocuk 21-23,"149,00 ₺"
https://www.watsons.com.tr/neutrogena-hydro-boost-spf-50-gunes-koruyucu-nemlendirici-50-ml/p/BP_1406510,Neutrogena Hydro Boost SPF 50 Güneş Koruyucu Nemlendirici 50 ml,"792,90 ₺"
https://www.watsons.com.tr/pantene-maske-miracles-kivircik-saclar-300-ml/p/BP_1416114,Pantene Maske Miracles Kıvırcık Saçlar 300 ml,"809,90 ₺"
https://www.watsons.com.tr/morfose-stick-wax-55-g/p/BP_1406867,Morfose Stick Wax 55 g,"379,90 ₺"
https://www.watsons.com.tr/revolution-big-lash-reloaded-ultra-siyah-maskara/p/BP_1348459,Revolution Big Lash Reloaded Ultra Siyah Maskara,"149,00 ₺"
https://www.watsons.com.tr/loreal-paris-cest-magic-kizariklik-giderici-cc-krem/p/BP_170595,N/A,N/A
https://www.watsons.com.tr/nascita-pro-yuvarlak-kapatici-fircasi/p/BP_167760,Nascita Pro Yuvarlak Kapatıcı Fırçası,"289,90 ₺"
https://www.watsons.com.tr/lionesse-bigudi-6li-1113/p/BP_1406531,Lionesse Bigudi 6'lı 1113,"374,90 ₺"
https://www.watsons.com.tr/revolution-dewy-drench-nemlendirici-serum-30-ml/p/BP_1433201,Revolution Dewy Drench Nemlendirici Serum 30 ml,"749,90 ₺"
https://www.watsons.com.tr/flormar-suya-dayanikli-mat-goz-kalemi-no-111/p/BP_116156,Flormar Suya Dayanıklı Mat Göz Kalemi No: 111,"399,90 ₺"
https://www.watsons.com.tr/biomagic-sac-boyasi-kullu-kumral-no-772/p/BP_145886,Biomagic Saç Boyası Küllü Kumral No: 7.72,"699,90 ₺"
https://www.watsons.com.tr/frudia-green-grape-gozenek-kontrol-serum-50-g/p/BP_163971,Frudia Green Grape Gözenek Kontrol Serum 50 g,"1.624,90 ₺"
https://www.watsons.com.tr/old-spice-captain-stick-dus-jeli-250-ml-corap-set/p/BP_1462321,Old Spice Captain Stick + Duş Jeli 250 ml + Çorap Set,"788,90 ₺"
https://www.watsons.com.tr/martinelia-unicorn-dudak-parlaticisi-hindistan-cevizi/p/BP_1441419,N/A,N/A
https://www.watsons.com.tr/matsu-pinky-pie-dudak-balm-15-ml/p/BP_1456616,Matsu Pinky Pie Dudak Balm 15 ml,"439,90 ₺"
https://www.watsons.com.tr/volenia-yuzuk-altin-renkli-sarmasik/p/BP_1452612,Volenia Yüzük Altın Renkli Sarmaşık,"199,00 ₺"
https://www.watsons.com.tr/elseve-sampuan-komple-onarici-5-extreme-300-ml/p/BP_1482719,Elseve Şampuan Komple Onarıcı 5 Extreme 300 ml,"299,90 ₺"
https://www.watsons.com.tr/nivea-men-erkek-sprey-deodorant-black-white-invisible-original-150-ml/p/BP_131804,Nivea Men Erkek Sprey Deodorant Black&amp;White Invisible Original 150 ml,"311,90 ₺"
https://www.watsons.com.tr/golden-rose-keratin-oje-no-59/p/BP_1287685,Golden Rose Keratin Oje No: 59,"99,95 ₺"
https://www.watsons.com.tr/flormar-pearly-yari-transparan-parlak-bitisli-sedefli-oje-no-103-pink-pearl/p/BP_1478638,N/A,N/A
https://www.watsons.com.tr/slipstop-35-36-numara-ranger-kaydirmaz-ayakkabi-unisex/p/BP_1399097,Slipstop 35-36 Numara Ranger Kaydırmaz Ayakkabı Unisex,"329,90 ₺"
https://www.watsons.com.tr/loreal-paris-paradise-maskara-siyah/p/BP_155420,L'Oreal Paris Paradise Maskara Siyah,"1.799,90 ₺"
https://www.watsons.com.tr/golden-rose-3d-mega-shine-lipgloss-no-105/p/BP_1332338,Golden Rose 3D Mega Shine Lipgloss No: 105,"624,90 ₺"
https://www.watsons.com.tr/flormar-shimmer-shine-isiltili-likit-far-no-006/p/BP_1292676,N/A,N/A
https://www.watsons.com.tr/revolution-reloaded-palette-affection-far-paleti/p/BP_166550,Revolution Reloaded Palette Affection Far Paleti,"934,90 ₺"
https://www.watsons.com.tr/revolution-hyaluronic-v4-makyaj-sabitleyici-sprey/p/BP_162978,Revolution Hyaluronic V4 Makyaj Sabitleyici Sprey,"799,90 ₺"
https://www.watsons.com.tr/vitago-omega-3-balik-yagi-epa-dha-tablet-60li/p/BP_1378748,Vıtago Omega 3 Balık Yağı Epa Dha Tablet 60Lı,"649,90 ₺"
https://www.watsons.com.tr/old-spice-stick-night-panther-50-ml/p/BP_1427272,Old Spice Stick Night Panther 50 ml,"343,90 ₺"
https://www.watsons.com.tr/kiss-impress-color-kendinden-yapiskanli-takma-tirnak-uzun-murdum-medium-511/p/BP_1382990,Kiss Impress Color Kendinden Yapışkanlı Takma Tırnak Uzun Mürdüm Medium 511,"599,90 ₺"
https://www.watsons.com.tr/duaderm-ton-esitleyici-glycolic-tonic-glycolic-acid-5-bha-100-ml/p/BP_1430975,Duaderm Ton Eşitleyici Glycolic Tonic (Glycolic Acid 5% + BHA) 100 ml,"499,90 ₺"
https://www.watsons.com.tr/the-purest-solutions-hydra-bb-krem-light-40-ml/p/BP_1461782,The Purest Solutions Hydra BB Krem Light 40 ml,"999,90 ₺"
https://www.watsons.com.tr/dove-beauty-cream-bar-original-yumusak-puruzsuz-bir-cilt-icin-nemlendirici-krem-4x90-g/p/BP_159108,Dove Beauty Cream Bar Original Yumuşak Pürüzsüz Bir Cilt İçin Nemlendirici Krem 4x90 g,"299,90 ₺"
https://www.watsons.com.tr/revolution-biglash-waterproof-volume-maskara/p/BP_1235409,Revolution Biglash Waterproof Volume Maskara,"814,90 ₺"
https://www.watsons.com.tr/loreal-paris-le-shadow-stick-goz-fari-115-twinkly-rose/p/BP_1425361,L’Oreal Paris Le Shadow Stick Göz Farı 115 Twinkly Rose,"1.069,90 ₺"
https://www.watsons.com.tr/deborah-instant-lift-kapatici-no-01-fair-42-gr/p/BP_1251817,Deborah Instant Lift Kapatıcı No: 01 Fair 4.2 gr,"999,90 ₺"
https://www.watsons.com.tr/rocs-kids-3-7-florursuz-dis-macunu/p/BP_135045,Rocs Kids 3-7 Florürsüz Diş Macunu,"339,90 ₺"
https://www.watsons.com.tr/skin401-aha-10-bha-2-canlandirici-cilt-tonu-esitleyici-yuz-peeling-serum-30-ml/p/BP_1371993,N/A,N/A
https://www.watsons.com.tr/rexona-men-advanced-protection-erkek-stick-deodorant-extreme-fresh-50-ml/p/BP_1459794,Rexona Men Advanced Protection Erkek Stick Deodorant Extreme Fresh 50 ml,"399,90 ₺"
https://www.watsons.com.tr/naturals-by-watsons-sampuan-coconut-490-ml/p/BP_1274378,N/A,N/A
https://www.watsons.com.tr/deborah-milano-no-transfer-lip-gloss-08/p/BP_1446984,Deborah Milano No Transfer Lip Gloss 08,"1.049,90 ₺"
https://www.watsons.com.tr/gliss-4u-1-arada-ultimate-repair-onarici-sac-bakim-maskesi-sivi-keratin-ile-400-ml/p/BP_160216,Gliss 4'ü 1 Arada Ultimate Repair Onarıcı Saç Bakım Maskesi Sıvı Keratin ile 400 ml,"589,90 ₺"
https://www.watsons.com.tr/loreal-paris-revitalift-clinical-c-vitamini-salisilik-asit-aydinlatici-ve-gozenek-karsiti-kopuk-temizleyici/p/BP_1382409,L'Oreal Paris Revitalift Clinical C Vitamini + Salisilik Asit Aydınlatıcı ve Gözenek Karşıtı Köpük Temizleyici,"869,90 ₺"
https://www.watsons.com.tr/essence-baby-got-diamond-highlighter-stick/p/BP_1446816,Essence Baby Got Diamond Highlighter Stick,"195,90 ₺"
https://www.watsons.com.tr/bioxcin-collagen-biotin-hacim-veren-sac-bakim-kremi-250-ml/p/BP_1412691,Bioxcin Collagen &amp; Biotin Hacim Veren Saç Bakım Kremi 250 ml,"559,90 ₺"
https://www.watsons.com.tr/unfilter-beauty-lip-gloss-30-wild-cherry/p/BP_1441734,Unfilter Beauty Lip Gloss 30 Wild Cherry,"299,90 ₺"
https://www.watsons.com.tr/oral-b-pro-3d-white-clinical-yogun-beyazlik-parlak-mukemmellik-dis-macunu-75-ml/p/BP_1404914,Oral-B Pro 3D White Clinical Yoğun Beyazlık Parlak Mükemmellik Diş Macunu 75 ml,"499,90 ₺"
https://www.watsons.com.tr/lovely-glitter-glaze-shimmer-puff-pudra-panponu/p/BP_1419299,N/A,N/A
https://www.watsons.com.tr/maruderm-pirinc-suyu-vucut-peelingi-250-ml/p/BP_1403304,Maruderm Pirinç Suyu Vücut Peelingi 250 ml,"599,90 ₺"
https://www.watsons.com.tr/slipstop-aquatic-tisort-erkek-cocuk-4-5-yas/p/BP_1438962,N/A,N/A
https://www.watsons.com.tr/pure-beauty-cc-krem-spf50-pa-natural-30-ml/p/BP_1250956,Pure Beauty CC Krem Spf50 Pa+++ Natural 30 ml,"149,00 ₺"
https://www.watsons.com.tr/biomagic-sac-boyasi-boyasi-fildisi-sarisi-no-1100/p/BP_151690,Biomagic Saç Boyası Boyası Fildişi Sarısı No: 11.00,"699,90 ₺"
https://www.watsons.com.tr/wella-professionals-oil-reflections-isilti-saglayan-sampuan-250-ml/p/BP_1478722,Wella Professionals Oil Reflections Işıltı Sağlayan Şampuan 250 ml,"1.499,90 ₺"
https://www.watsons.com.tr/essence-ekstra-kalici-eyeliner-020/p/BP_1465072,Essence Ekstra Kalıcı Eyeliner 020,"189,90 ₺"
https://www.watsons.com.tr/gillette-venus-smooth-sensitive-pink-tiras-makinesi-2-yedek-bicak/p/BP_1401701,N/A,N/A
https://www.watsons.com.tr/palette-deluxe-sac-boyasi-10-1-kullu-acik-sari/p/BP_135398,Palette Deluxe Saç Boyası 10-1 Küllü Açık Sarı,"449,90 ₺"
https://www.watsons.com.tr/deborah-color-lovers-tekli-far-deep-brown-08/p/BP_1375850,Deborah Color Lovers Tekli Far Deep Brown 08,"799,90 ₺"
https://www.watsons.com.tr/pastel-profashion-mini-likit-bronzer-10/p/BP_1423380,N/A,N/A
https://www.watsons.com.tr/slipstop-say-cheese-tisort-erkek-bebek-9-12-ay/p/BP_1439039,Slipstop Say Cheese Tişört Erkek Bebek 9-12 Ay,"149,00 ₺"
https://www.watsons.com.tr/flormar-water-lip-stain-kalici-mat-dudak-renklendiricisi-no-001/p/BP_1352435,Flormar Water Lip Stain Kalıcı Mat Dudak Renklendiricisi No: 001,"799,90 ₺"
https://www.watsons.com.tr/pastellab-lip-renewal-fresh-mint-scrub-yenileyici-dudak-bakim-scrub/p/BP_1397781,Pastellab. Lip Renewal Fresh Mint Scrub Yenileyici Dudak Bakım Scrub,"254,90 ₺"
https://www.watsons.com.tr/old-spice-clear-gel-stick-captain-70-ml/p/BP_1261981,Old Spice Clear Gel Stick Captain 70 ml,"393,90 ₺"
https://www.watsons.com.tr/lionesse-kagit-tirnak-torpusu/p/BP_1383725,Lionesse Kağıt Tırnak Törpüsü,"44,95 ₺"
https://www.watsons.com.tr/nascita-pro-egimli-kontur-fircasi/p/BP_167753,Nascita Pro Eğimli Kontür Fırçası,"564,90 ₺"
https://www.watsons.com.tr/nyx-professional-makeup-fat-oil-slick-click-parlatici-dudak-balmi-05-link-in-my-bio/p/BP_1385804,Nyx Professional Makeup Fat Oil Slick Click Parlatıcı Dudak Balmı 05 Link In My Bio,"1.049,90 ₺"
https://www.watsons.com.tr/nyx-professional-makeup-pore-filler-makyaj-bazi/p/BP_155628,Nyx Professional Makeup Pore Filler Makyaj Bazı,"1.459,90 ₺"
https://www.watsons.com.tr/mul-passion-kadin-edp-50-ml/p/BP_165472,N/A,N/A
https://www.watsons.com.tr/nascita-takma-tirnak-184-24lu/p/BP_1371916,N/A,N/A
https://www.watsons.com.tr/axe-black-vanilla-deodorant-150-ml/p/BP_1430744,Axe Black Vanilla Deodorant 150 ml,"487,90 ₺"
https://www.watsons.com.tr/kylie-jenner-cosmic-parfum-edp-100-ml/p/BP_1423205,Kylie Jenner Cosmic Parfüm Edp 100 ml,"4.499,90 ₺"
https://www.watsons.com.tr/colgate-360-komple-agiz-temizligi-dis-fircasi-orta-11/p/BP_136178,Colgate 360 Komple Ağız Temizliği Diş Fırçası Orta 1+1,"450,90 ₺"
https://www.watsons.com.tr/kiss-tekli-takma-kirpik-kisa/p/BP_129825,Kiss Tekli Takma Kirpik Kısa,"469,90 ₺"
https://www.watsons.com.tr/pastel-profashion-dudak-parlaticisi-306/p/BP_1328453,Pastel Profashion Dudak Parlatıcısı 306,"199,00 ₺"
https://www.watsons.com.tr/note-bb-kapatici-no-01/p/BP_149084,Note Bb Kapatıcı No: 01,"899,90 ₺"
https://www.watsons.com.tr/collagen-by-watsons-hydro-balance-yogun-serum-35-ml/p/BP_1403486,Collagen By Watsons Hydro Balance Yoğun Serum 35 ml,"999,90 ₺"
https://www.watsons.com.tr/golden-rose-3d-mega-shine-lipgloss-no-116/p/BP_1332359,Golden Rose 3D Mega Shine Lipgloss No: 116,"624,90 ₺"
https://www.watsons.com.tr/flormar-star-shine-yogun-pigmentli-metalik-oje-no-026/p/BP_1379602,Flormar Star Shine Yoğun Pigmentli Metalik Oje No: 026,"199,90 ₺"
https://www.watsons.com.tr/pastel-pure-oje-no-615/p/BP_1246945,Pastel Pure Oje No: 615,"119,90 ₺"
https://www.watsons.com.tr/molped-pure-and-soft-super-ekonomik-uzun-hijyenik-ped-18-adet/p/BP_171240,Molped Pure and Soft Süper Ekonomik Uzun Hijyenik Ped 18 Adet,"307,90 ₺"
https://www.watsons.com.tr/essence-longlasting-goz-kalemi-01-black-fever/p/BP_162736,Essence Longlasting Göz Kalemi 01 Black Fever,"124,90 ₺"
https://www.watsons.com.tr/roc-multi-correxion-cildi-aydinlatici-goz-balmi-4-g/p/BP_1397053,N/A,N/A
https://www.watsons.com.tr/essence-satin-glow-parlak-ruj-01/p/BP_1465114,Essence Satin Glow Parlak Ruj 01,"229,90 ₺"
https://www.watsons.com.tr/palmolive-aroma-sensations-feel-the-energy-banyo-ve-dus-jeli-500-ml/p/BP_1348872,N/A,"329,90 ₺"
https://www.watsons.com.tr/frudia-make-up-glow-juicy-jam-lip-cheek-berry-03/p/BP_1462048,Frudia Make Up Glow Juicy Jam Lip &amp; Cheek Berry 03,"999,90 ₺"
https://www.watsons.com.tr/gillette-fusion5-tiras-makinesi-ve-1-yedek-tiras-bicagi/p/BP_123072,Gillette Fusion5 Tıraş Makinesi ve 1 Yedek Tıraş Bıçağı,"724,90 ₺"
https://www.watsons.com.tr/siveno-100-zeytinyagli-dogal-kopuk-sabun-cocuk-250-ml/p/BP_1378531,Siveno %100 Zeytinyağlı Doğal Köpük Sabun Çocuk 250 ml,"299,90 ₺"
https://www.watsons.com.tr/revolution-irl-filter-fondoten-f6/p/BP_1331526,Revolution IRL Filter Fondöten F6,"1.499,90 ₺"
https://www.watsons.com.tr/flormar-nail-enamel-yogun-pigmentli-parlak-oje-no-554-pink-diamond/p/BP_1391838,Flormar Nail Enamel Yoğun Pigmentli Parlak Oje No: 554 Pink Diamond,"99,95 ₺"
https://www.watsons.com.tr/nivea-men-roll-on-deep-extreme-50-ml/p/BP_1403297,Nivea Men Roll-On Deep Extreme 50 ml,"311,90 ₺"
https://www.watsons.com.tr/revox-at-kuyrugu-bitki-ozlu-sampuan-360-ml/p/BP_172450,Revox At Kuyruğu Bitki Özlü Şampuan 360 ml,"559,90 ₺"
https://www.watsons.com.tr/puren-soft-comfort-ultra-ince-gunluk-ped-lavanta-40li/p/BP_1419684,Pure'n Soft Comfort Ultra İnce Günlük Ped Lavanta 40'lı,"169,90 ₺"
https://www.watsons.com.tr/nyx-professional-makeup-wonder-snatch-sabitleyici-pudra-sugar-serve/p/BP_1483412,Nyx Professional Makeup Wonder Snatch Sabitleyici Pudra Sugar Serve,"849,90 ₺"
https://www.watsons.com.tr/sea-color-sac-boyasi-cikolata-kahve-67/p/BP_1445486,Sea Color Saç Boyası Çikolata Kahve 6.7,"376,90 ₺"
https://www.watsons.com.tr/slazenger-activesport-mavi-erkek-parfum-edt-125-ml-150-ml-deodorant-set/p/BP_142473,Slazenger Activesport Mavi Erkek Parfüm EDT 125 ml + 150 ml Deodorant Set,"2.119,90 ₺"
https://www.watsons.com.tr/pastel-express-volume-length-maskara/p/BP_128614,Pastel Express Volume + Length Maskara,"699,90 ₺"
https://www.watsons.com.tr/co-nails-glitter-oje-no-06/p/BP_1365399,Co Nail's Glitter Oje No: 06,"9,99 ₺"
https://www.watsons.com.tr/nyx-professional-makeup-the-face-glue-sabitleyici-sprey/p/BP_1429883,Nyx Professional Makeup The Face Glue Sabitleyici Sprey,"699,90 ₺"
https://www.watsons.com.tr/morfose-supreme-sac-kopugu-200-ml/p/BP_1426999,Morfose Supreme Saç Köpüğü 200 ml,"399,90 ₺"
https://www.watsons.com.tr/neutrogena-visibly-renew-vucut-losyonu-kuru-cilt-400-ml/p/BP_148262,Neutrogena Visibly Renew Vücut Losyonu Kuru Cilt 400 ml,"628,90 ₺"
https://www.watsons.com.tr/flormar-ultra-thin-fircali-ve-asansorlu-kas-kalemi-no-004/p/BP_169136,Flormar Ultra Thin Fırçalı ve Asansörlü Kaş Kalemi No: 004,"749,90 ₺"
https://www.watsons.com.tr/pastel-nude-oje-no-763/p/BP_147223,Pastel Nude Oje No: 763,"119,90 ₺"
https://www.watsons.com.tr/note-bb-krem-no-500/p/BP_165320,Note BB Krem No: 500,"949,90 ₺"
https://www.watsons.com.tr/i-heart-revolution-sweet-chilli-powder-puff/p/BP_1389941,N/A,N/A
https://www.watsons.com.tr/flormar-puffy-aydinlik-bitisli-sunger-aplikatorlu-likit-kontur-no-01-amber/p/BP_1443736,Flormar Puffy Aydınlık Bitişli Sünger Aplikatörlü Likit Kontür No: 01 Amber,"699,90 ₺"
https://www.watsons.com.tr/clarion-unisex-gunes-gozlugu-39/p/BP_1454124,Clarion Unisex Güneş Gözlüğü 39,"399,90 ₺"
